0 0.455898 0.920516 0.058484 0.052437
0 0.157273 0.546906 0.047297 0.044750
0 0.716391 0.370555 0.050531 0.043047
0 0.284211 0.757047 0.045797 0.041594
0 0.307391 0.498820 0.044687 0.037734
0 0.131227 0.820391 0.049828 0.046750
0 0.528547 0.733281 0.057219 0.053125
0 0.194320 0.248852 0.048141 0.042234
0 0.754234 0.700422 0.045781 0.043312
0 0.319344 0.373023 0.050719 0.042484
0 0.539883 0.556586 0.046141 0.044328
0 0.694266 0.631891 0.050531 0.041875
0 0.805750 0.174617 0.045719 0.038391
0 0.175430 0.333391 0.044703 0.040813
0 0.780641 0.350016 0.044687 0.039750
0 0.765289 0.521492 0.054266 0.045641
0 0.270492 0.883102 0.052922 0.044078
0 0.378734 0.359641 0.051906 0.046156
0 0.055125 0.943602 0.048406 0.049141
0 0.697531 0.722687 0.046719 0.038469
0 0.354672 0.572313 0.047750 0.040688
0 0.562367 0.047438 0.048547 0.045875
0 0.133633 0.768367 0.045984 0.044859
0 0.758555 0.021828 0.061172 0.043656
0 0.752703 0.751750 0.051875 0.051812
0 0.558430 0.385969 0.043984 0.040062
0 0.696141 0.585695 0.050531 0.045984
0 0.488508 0.533984 0.043203 0.039438
0 0.745172 0.927727 0.053313 0.049422
0 0.519930 0.901172 0.061328 0.056312
0 0.202516 0.159664 0.056688 0.047016
0 0.414227 0.161297 0.043609 0.040063
0 0.504945 0.358203 0.040266 0.036281
0 0.729430 0.276078 0.044359 0.042156
0 0.092586 0.685383 0.052203 0.046203
0 0.724633 0.322820 0.052484 0.046047
0 0.519141 0.817695 0.047156 0.043297
0 0.327383 0.911242 0.038578 0.036547
0 0.109164 0.974453 0.048891 0.048250
0 0.464414 0.794922 0.042484 0.038344
0 0.685344 0.948523 0.054656 0.047359
0 0.485406 0.486250 0.048063 0.039562
0 0.476078 0.710406 0.039813 0.034500
0 0.100148 0.562055 0.050078 0.042516
0 0.689102 0.771805 0.047328 0.040891
0 0.371336 0.087531 0.037359 0.036250
0 0.292414 0.625594 0.043078 0.039531
0 0.746125 0.844227 0.050281 0.044922
0 0.774695 0.395055 0.044922 0.037328
0 0.207906 0.113219 0.043562 0.038875
0 0.617516 0.109266 0.045563 0.037719
0 0.542844 0.508883 0.046563 0.039766
0 0.163805 0.462695 0.035484 0.034891
0 0.334023 0.286641 0.040703 0.035250
0 0.757328 0.610133 0.047406 0.044109
0 0.747437 0.148961 0.047687 0.038828
0 0.331602 0.825391 0.044734 0.038469
0 0.364734 0.486555 0.047562 0.037703
0 0.394336 0.283867 0.054109 0.043172
0 0.134039 0.180273 0.043766 0.040891
0 0.471281 0.750258 0.040469 0.035953
0 0.129297 0.261430 0.039656 0.035266
0 0.115891 0.392602 0.040469 0.038766
0 0.772555 0.437469 0.045703 0.039125
0 0.121266 0.348555 0.042531 0.037547
0 0.353039 0.618422 0.043047 0.039187
0 0.549094 0.122047 0.052781 0.044875
0 0.349852 0.211531 0.049672 0.043906
0 0.620445 0.070961 0.045047 0.036922
0 0.149266 0.718781 0.055813 0.053469
0 0.460992 0.836586 0.036953 0.032703
0 0.120117 0.876805 0.047484 0.047828
0 0.144625 0.087078 0.044188 0.038562
0 0.577586 0.253211 0.046047 0.043484
0 0.569328 0.300852 0.038344 0.037516
0 0.827594 0.016336 0.053500 0.032578
0 0.275305 0.837367 0.035328 0.034984
0 0.333992 0.737492 0.040391 0.035797
0 0.313000 0.453695 0.045969 0.042422
0 0.497586 0.400188 0.042484 0.036781
0 0.331164 0.867742 0.044672 0.037766
0 0.420852 0.074086 0.043797 0.041391
0 0.288516 0.668688 0.045156 0.038938
0 0.368992 0.441273 0.042234 0.040609
0 0.261406 0.969375 0.041438 0.042781
0 0.530500 0.235820 0.040094 0.037297
0 0.796148 0.217148 0.038703 0.035203
0 0.533414 0.600320 0.040891 0.039141
0 0.160047 0.503492 0.035250 0.030547
0 0.711031 0.413187 0.040062 0.032281
0 0.170453 0.376656 0.040063 0.036000
0 0.075336 0.839609 0.047609 0.045781
0 0.448695 0.965133 0.037891 0.030266
0 0.690359 0.862547 0.041594 0.038250
0 0.738711 0.191406 0.055266 0.044062
0 0.708742 0.454562 0.046922 0.042094
0 0.264117 0.925555 0.033609 0.032141
0 0.283281 0.711219 0.039500 0.037406
0 0.086164 0.735633 0.041766 0.037422
0 0.789414 0.258727 0.034641 0.031578
0 0.346398 0.662102 0.045734 0.039422
0 0.064391 0.888719 0.043156 0.042000
0 0.756023 0.654172 0.037891 0.031656
0 0.536961 0.194547 0.050766 0.047813
0 0.691000 0.815555 0.043688 0.037328
0 0.152500 0.628305 0.041094 0.035266
0 0.525219 0.277008 0.052813 0.045891
0 0.563227 0.342125 0.036422 0.033312
0 0.695688 0.675734 0.043250 0.037188
0 0.141078 0.134180 0.035969 0.030953
0 0.782234 0.303203 0.040781 0.038469
0 0.477609 0.623039 0.051656 0.044797
0 0.196922 0.200117 0.042781 0.036547
0 0.108734 0.476789 0.035375 0.033297
0 0.547125 0.468836 0.049125 0.042141
0 0.152602 0.670875 0.033484 0.029531
0 0.343523 0.699789 0.044484 0.036547
0 0.625633 0.029508 0.037016 0.033703
0 0.302844 0.543437 0.028656 0.029625
0 0.765750 0.478406 0.044031 0.032625
0 0.297461 0.584875 0.029484 0.029500
0 0.169453 0.417727 0.037000 0.031141
0 0.081687 0.787297 0.036313 0.036062
0 0.534094 0.651070 0.050000 0.047422
0 0.334086 0.779695 0.039141 0.033984
0 0.378820 0.401859 0.036359 0.030750
0 0.493742 0.442523 0.040703 0.036922
0 0.179336 0.290703 0.041703 0.034500
0 0.326320 0.330305 0.043047 0.040297
0 0.421367 0.117570 0.044672 0.037641
0 0.110266 0.436148 0.028594 0.027703
0 0.475242 0.664266 0.049484 0.044844
0 0.739891 0.884766 0.036625 0.031437
0 0.097031 0.647180 0.028656 0.028016
0 0.745977 0.800219 0.035578 0.032625
0 0.100820 0.604945 0.030047 0.026672
0 0.106102 0.519539 0.035453 0.032484
0 0.316203 0.411664 0.033844 0.030109
0 0.455969 0.875914 0.037031 0.032859
0 0.114266 0.926367 0.048625 0.037828
0 0.759234 0.565102 0.037781 0.035172
0 0.425852 0.031727 0.035328 0.037172
0 0.135539 0.222156 0.048953 0.032938
0 0.516336 0.316078 0.036266 0.030375
0 0.402375 0.246375 0.038125 0.031375
0 0.211109 0.067617 0.031094 0.026797
0 0.374312 0.046906 0.035625 0.032500
0 0.388586 0.322336 0.046047 0.036391
0 0.517430 0.859938 0.030922 0.029000
0 0.737305 0.233617 0.038453 0.032078
0 0.048125 0.986172 0.038781 0.027000
0 0.323562 0.953719 0.042656 0.034844
0 0.823703 0.053820 0.037000 0.031703
0 0.358094 0.529758 0.045906 0.036859
0 0.551344 0.427187 0.040656 0.034187
0 0.146742 0.039992 0.027609 0.026641
0 0.551648 0.083461 0.035391 0.029547
0 0.153531 0.588422 0.032500 0.026438
0 0.407398 0.208031 0.044734 0.033313
0 0.122961 0.307086 0.037141 0.032734
0 0.485742 0.578914 0.035484 0.028922
0 0.342695 0.249070 0.034359 0.027297
0 0.682000 0.986922 0.042969 0.024219
0 0.369305 0.133273 0.030484 0.030141
0 0.686937 0.903547 0.051500 0.039375
0 0.706438 0.500773 0.050531 0.041516
0 0.525930 0.690633 0.043484 0.036391
0 0.523070 0.776039 0.039984 0.030172
0 0.592703 0.215758 0.050969 0.046859
0 0.010258 0.018922 0.020516 0.037844
0 0.701773 0.536641 0.056453 0.048969
0 0.317523 0.988102 0.041953 0.022109
0 0.760320 0.065453 0.039359 0.032844
0 0.541891 0.156773 0.041312 0.030922
0 0.506062 0.978609 0.059563 0.042531
0 0.608758 0.144141 0.065203 0.041625
0 0.598352 0.174656 0.061047 0.038844
0 0.745406 0.105992 0.055500 0.040234
