0 0.748398 0.313273 0.032516 0.036391
0 0.867617 0.496742 0.035609 0.034828
0 0.847094 0.834641 0.041031 0.037156
0 0.983625 0.441000 0.032188 0.050844
0 0.633789 0.136117 0.053078 0.066016
0 0.077914 0.458539 0.052172 0.058891
0 0.382336 0.508797 0.046203 0.052344
0 0.432539 0.510016 0.046266 0.050219
0 0.355477 0.252273 0.048172 0.054109
0 0.203781 0.247609 0.042125 0.048406
0 0.081922 0.715258 0.045719 0.061172
0 0.246273 0.917531 0.051766 0.059563
0 0.160344 0.910969 0.037187 0.044562
0 0.975398 0.299312 0.038953 0.040656
0 0.153711 0.122852 0.042703 0.050172
0 0.189570 0.848937 0.042203 0.048875
0 0.055961 0.126984 0.043734 0.048219
0 0.814852 0.498742 0.041953 0.045641
0 0.396484 0.084664 0.040125 0.046141
0 0.159195 0.246258 0.040453 0.047922
0 0.073406 0.249172 0.037750 0.044250
0 0.351187 0.084781 0.039375 0.045875
0 0.865594 0.075859 0.044875 0.052500
0 0.051633 0.308711 0.041516 0.047953
0 0.036008 0.062562 0.046359 0.058469
0 0.498594 0.458898 0.039781 0.046359
0 0.701914 0.080672 0.041141 0.047344
0 0.555445 0.710187 0.038797 0.045094
0 0.925930 0.130266 0.041703 0.054656
0 0.918469 0.834055 0.040344 0.044641
0 0.127945 0.460195 0.039266 0.044734
0 0.981648 0.888367 0.035984 0.051297
0 0.369930 0.908492 0.041891 0.055391
0 0.692063 0.900297 0.039438 0.050312
0 0.231180 0.846844 0.039953 0.051656
0 0.173453 0.459039 0.040812 0.045328
0 0.222328 0.314352 0.045312 0.058047
0 0.405344 0.252039 0.041750 0.044922
0 0.194070 0.512867 0.042891 0.044859
0 0.194500 0.125602 0.039250 0.047984
0 0.498742 0.258586 0.039422 0.046703
0 0.129000 0.064414 0.045437 0.057766
0 0.734430 0.904766 0.045016 0.053062
0 0.667664 0.499477 0.038266 0.045109
0 0.306297 0.251023 0.039813 0.048984
0 0.784211 0.899461 0.037859 0.047547
0 0.141375 0.647758 0.043406 0.063484
0 0.334414 0.509383 0.041484 0.045828
0 0.742648 0.696555 0.035266 0.045578
0 0.324039 0.309234 0.038547 0.050719
0 0.116414 0.246516 0.039422 0.046656
0 0.237180 0.127813 0.039547 0.045188
0 0.362055 0.456445 0.038547 0.043766
0 0.739773 0.448820 0.039266 0.042891
0 0.685391 0.644602 0.039344 0.050578
0 0.161156 0.718984 0.037719 0.044563
0 0.462172 0.138625 0.039500 0.045469
0 0.692742 0.449531 0.041047 0.041781
0 0.375453 0.657617 0.035000 0.040859
0 0.224078 0.651242 0.038312 0.047703
0 0.183570 0.313883 0.045328 0.062516
0 0.047570 0.913461 0.034859 0.044141
0 0.372609 0.309336 0.041563 0.047922
0 0.630664 0.711055 0.036672 0.049109
0 0.681117 0.131859 0.036609 0.043969
0 0.267672 0.459164 0.040750 0.046016
0 0.097500 0.309109 0.039406 0.042937
0 0.408687 0.910492 0.040344 0.053547
0 0.290086 0.912875 0.041797 0.052344
0 0.657367 0.079367 0.040234 0.044297
0 0.173289 0.063289 0.035172 0.039203
0 0.085664 0.910250 0.033172 0.044469
0 0.856828 0.697055 0.036656 0.047047
0 0.280820 0.310406 0.047422 0.048813
0 0.857313 0.250930 0.039125 0.040078
0 0.336609 0.659531 0.032969 0.037844
0 0.770461 0.131508 0.041297 0.048203
0 0.521586 0.312750 0.041578 0.041531
0 0.935820 0.437063 0.038453 0.042594
0 0.709430 0.700734 0.035703 0.043250
0 0.144141 0.310312 0.040656 0.050312
0 0.979422 0.069898 0.037063 0.043109
0 0.895211 0.697109 0.044078 0.053938
0 0.417891 0.139195 0.039469 0.046297
0 0.079664 0.063883 0.046484 0.062641
0 0.864344 0.897719 0.036719 0.046687
0 0.027805 0.461078 0.036047 0.040844
0 0.305828 0.077797 0.039562 0.043312
0 0.215664 0.064047 0.036547 0.041000
0 0.122281 0.714938 0.034688 0.045719
0 0.062867 0.850148 0.034859 0.043172
0 0.834195 0.307812 0.041328 0.054125
0 0.274727 0.845141 0.034328 0.038969
0 0.022687 0.252375 0.042812 0.048937
0 0.551516 0.457313 0.039562 0.044281
0 0.355969 0.845820 0.034969 0.041328
0 0.289000 0.510016 0.041344 0.045437
0 0.417914 0.658391 0.035953 0.046469
0 0.470891 0.845047 0.036250 0.041719
0 0.723484 0.645141 0.031250 0.041156
0 0.524430 0.073539 0.033078 0.035422
0 0.146937 0.851656 0.038781 0.051281
0 0.780469 0.696742 0.035906 0.046453
0 0.646695 0.450398 0.038078 0.039016
0 0.104172 0.850109 0.037719 0.045063
0 0.478125 0.508453 0.038813 0.047781
0 0.826234 0.898898 0.037438 0.049172
0 0.219383 0.458711 0.038234 0.042266
0 0.316273 0.454742 0.040672 0.043078
0 0.531469 0.509891 0.038812 0.044906
0 0.453953 0.255367 0.042562 0.056953
0 0.473570 0.312437 0.041734 0.042344
0 0.572328 0.313180 0.040531 0.040797
0 0.477656 0.076867 0.043000 0.051328
0 0.315555 0.846867 0.035172 0.042203
0 0.627734 0.845336 0.039156 0.041453
0 0.538859 0.901984 0.037094 0.040437
0 0.201281 0.723594 0.031875 0.041656
0 0.610688 0.653094 0.037563 0.041781
0 0.330492 0.912781 0.046172 0.068281
0 0.548836 0.134000 0.032578 0.038813
0 0.825266 0.076320 0.033313 0.039016
0 0.968391 0.127578 0.034156 0.039969
0 0.606539 0.081211 0.036578 0.041828
0 0.053227 0.513437 0.039016 0.040594
0 0.622289 0.507703 0.044766 0.049094
0 0.456859 0.658219 0.034406 0.042719
0 0.784867 0.080063 0.036078 0.041719
0 0.941898 0.890031 0.037828 0.043469
0 0.901227 0.896391 0.035547 0.047656
0 0.265250 0.071734 0.032187 0.036375
0 0.925758 0.301805 0.037953 0.044703
0 0.184727 0.655547 0.036828 0.047969
0 0.453688 0.457922 0.043156 0.049812
0 0.908617 0.501555 0.039734 0.040047
0 0.535688 0.656141 0.033469 0.039875
0 0.108625 0.124125 0.031687 0.035969
0 0.935656 0.693148 0.039344 0.047859
0 0.903375 0.070070 0.033719 0.039672
0 0.742750 0.080555 0.033875 0.040172
0 0.672031 0.837453 0.039594 0.051594
0 0.392484 0.846422 0.033563 0.039406
0 0.596891 0.709961 0.033031 0.041859
0 0.941648 0.071078 0.033828 0.040563
0 0.715406 0.503258 0.048375 0.055609
0 0.663961 0.315008 0.038734 0.045641
0 0.670063 0.707641 0.037750 0.049875
0 0.241227 0.507602 0.039328 0.042516
0 0.450437 0.909742 0.034969 0.047641
0 0.959695 0.498094 0.034922 0.036844
0 0.252414 0.259289 0.036172 0.035859
0 0.025617 0.850344 0.033859 0.039531
0 0.319914 0.724437 0.045078 0.061469
0 0.375164 0.136930 0.038328 0.040047
0 0.706719 0.320695 0.043031 0.047141
0 0.572867 0.656719 0.032578 0.040906
0 0.406727 0.453055 0.039609 0.043078
0 0.652703 0.901438 0.037031 0.047875
0 0.359102 0.723891 0.038859 0.048750
0 0.650484 0.650219 0.033750 0.045844
0 0.765539 0.498625 0.038641 0.043656
0 0.724992 0.254703 0.034641 0.038437
0 0.787000 0.450289 0.038625 0.038672
0 0.438461 0.714438 0.034141 0.042781
0 0.495516 0.656578 0.037125 0.046156
0 0.758344 0.640914 0.029031 0.031797
0 0.209211 0.910523 0.028766 0.036359
0 0.015047 0.126234 0.029500 0.037687
0 0.849727 0.134391 0.038672 0.044688
0 0.840367 0.638719 0.032547 0.041312
0 0.123047 0.913383 0.034094 0.046609
0 0.283406 0.132539 0.035969 0.043359
0 0.800750 0.643766 0.041250 0.049250
0 0.549695 0.840875 0.036766 0.037469
0 0.600469 0.452227 0.034812 0.037984
0 0.978047 0.690078 0.032906 0.036719
0 0.425383 0.312516 0.037328 0.044687
0 0.724562 0.131383 0.039219 0.045422
0 0.101258 0.650531 0.032859 0.048438
0 0.507570 0.136500 0.039984 0.050188
0 0.323508 0.136500 0.033609 0.040750
0 0.263648 0.655305 0.034172 0.040984
0 0.575883 0.902750 0.033922 0.042219
0 0.544477 0.254141 0.039047 0.039781
0 0.877977 0.298703 0.040828 0.051188
0 0.507719 0.839867 0.032750 0.035516
0 0.876242 0.637000 0.031984 0.038250
0 0.768625 0.255766 0.037062 0.042406
0 0.953273 0.634445 0.034484 0.040984
0 0.431875 0.845047 0.034781 0.040000
0 0.811227 0.129008 0.032109 0.034359
0 0.683945 0.252156 0.034953 0.036313
0 0.574828 0.503086 0.038469 0.042922
0 0.518305 0.709523 0.027297 0.035797
0 0.040352 0.716219 0.032141 0.039750
0 0.595391 0.254719 0.038594 0.039844
0 0.615187 0.906352 0.037844 0.048578
0 0.278414 0.722445 0.049328 0.057203
0 0.809422 0.248625 0.030469 0.034000
0 0.589211 0.844711 0.032703 0.040578
0 0.758055 0.838352 0.031766 0.036891
0 0.013859 0.518016 0.027281 0.040000
0 0.591766 0.134828 0.033344 0.043094
0 0.486680 0.907492 0.037953 0.049422
0 0.916094 0.635828 0.037938 0.041469
0 0.638930 0.256313 0.037641 0.041969
0 0.808328 0.843695 0.054875 0.053328
0 0.150633 0.516648 0.035016 0.037422
0 0.402453 0.715687 0.032187 0.037219
0 0.842297 0.442758 0.047750 0.057266
0 0.888453 0.445547 0.038625 0.050375
0 0.903750 0.249852 0.035313 0.039391
0 0.819578 0.691680 0.030719 0.032547
0 0.712633 0.840469 0.035922 0.042125
0 0.618703 0.312383 0.036312 0.038391
0 0.298969 0.657836 0.030812 0.037953
0 0.957648 0.827891 0.031203 0.034812
0 0.941047 0.255656 0.037688 0.037438
0 0.238133 0.718383 0.036547 0.054578
0 0.884586 0.128359 0.036859 0.048781
0 0.791383 0.314156 0.033578 0.037781
0 0.062898 0.655383 0.045234 0.059453
0 0.881820 0.830320 0.026453 0.030859
0 0.478570 0.715703 0.036047 0.040750
0 0.986930 0.634047 0.026141 0.040625
