0 0.882961 0.581391 0.034359 0.035406
0 0.769750 0.502148 0.062219 0.065922
0 0.244953 0.308875 0.040281 0.044250
0 0.186219 0.062320 0.058875 0.071109
0 0.403367 0.237320 0.045766 0.058297
0 0.414617 0.182297 0.047922 0.049906
0 0.953641 0.969578 0.049750 0.057500
0 0.853297 0.127273 0.054656 0.054828
0 0.668445 0.718898 0.049641 0.056641
0 0.424891 0.530742 0.051344 0.056297
0 0.776164 0.823414 0.050141 0.056922
0 0.377414 0.149570 0.041422 0.043828
0 0.864844 0.496328 0.050250 0.054031
0 0.656250 0.632578 0.044031 0.049844
0 0.519148 0.329328 0.044016 0.052500
0 0.752117 0.128734 0.054547 0.065625
0 0.736164 0.786609 0.050109 0.055000
0 0.361266 0.208250 0.047219 0.058469
0 0.477898 0.297734 0.044047 0.051406
0 0.829594 0.794719 0.041188 0.044687
0 0.702617 0.756062 0.051984 0.058781
0 0.886906 0.911437 0.041719 0.046312
0 0.718953 0.385422 0.044656 0.054469
0 0.515836 0.522742 0.041578 0.046141
0 0.145531 0.030234 0.045406 0.056375
0 0.867484 0.824648 0.045656 0.045703
0 0.830773 0.190617 0.048016 0.058297
0 0.920961 0.601867 0.049484 0.059172
0 0.241453 0.032258 0.043813 0.052109
0 0.260797 0.382227 0.048594 0.052484
0 0.756211 0.731148 0.043172 0.044047
0 0.600898 0.308773 0.050078 0.058391
0 0.905023 0.848977 0.043391 0.049641
0 0.313961 0.360711 0.035328 0.037953
0 0.491992 0.234766 0.040953 0.045594
0 0.645875 0.055352 0.049437 0.056859
0 0.659633 0.425625 0.043891 0.048438
0 0.942687 0.881477 0.039906 0.042734
0 0.589516 0.666734 0.049844 0.060312
0 0.568219 0.281977 0.044375 0.053578
0 0.978664 0.907625 0.041641 0.046375
0 0.356766 0.468562 0.049687 0.058188
0 0.739227 0.045883 0.056547 0.064547
0 0.455734 0.209578 0.043687 0.046719
0 0.617266 0.605734 0.038969 0.044156
0 0.028039 0.196813 0.051359 0.056250
0 0.980258 0.312016 0.038672 0.049812
0 0.894273 0.247984 0.054891 0.068781
0 0.480703 0.496109 0.039938 0.050406
0 0.042570 0.134930 0.037703 0.042328
0 0.688000 0.668680 0.046250 0.049766
0 0.129148 0.274094 0.040547 0.044625
0 0.093656 0.248773 0.039813 0.045328
0 0.285430 0.142984 0.053078 0.056781
0 0.349375 0.386984 0.035562 0.036906
0 0.787898 0.163617 0.048922 0.055922
0 0.147508 0.222438 0.047391 0.050344
0 0.412414 0.443664 0.045078 0.048297
0 0.573859 0.016133 0.052094 0.032047
0 0.492609 0.583320 0.044500 0.046891
0 0.629266 0.699180 0.032906 0.036047
0 0.615547 0.024281 0.042406 0.044438
0 0.103672 0.017172 0.050031 0.034125
0 0.847141 0.876391 0.038000 0.039719
0 0.445594 0.474352 0.036219 0.038703
0 0.520844 0.612570 0.041187 0.044234
0 0.337297 0.113039 0.037469 0.033766
0 0.156813 0.304602 0.047094 0.056797
0 0.615984 0.404602 0.045531 0.055016
0 0.719930 0.699242 0.035234 0.036828
0 0.175453 0.246039 0.042594 0.045047
0 0.559023 0.639250 0.039484 0.046937
0 0.441492 0.264742 0.035141 0.037797
0 0.327703 0.439555 0.043188 0.049266
0 0.713469 0.108852 0.046406 0.054578
0 0.320203 0.176219 0.041781 0.044188
0 0.192375 0.333945 0.036438 0.036578
0 0.899938 0.523523 0.037500 0.047453
0 0.581328 0.575195 0.037281 0.039016
0 0.809453 0.526422 0.032188 0.033438
0 0.588109 0.381250 0.044625 0.050219
0 0.703680 0.019859 0.044484 0.039563
0 0.678781 0.362758 0.035062 0.038203
0 0.292453 0.411297 0.033969 0.037656
0 0.824297 0.464602 0.040469 0.044141
0 0.213484 0.277344 0.034281 0.036594
0 0.957180 0.636477 0.030453 0.037141
0 0.078945 0.161719 0.042172 0.040313
0 0.944438 0.271102 0.070875 0.082641
0 0.393937 0.490625 0.037187 0.042156
0 0.795531 0.763977 0.039000 0.038984
0 0.695484 0.448281 0.032969 0.035375
0 0.014914 0.102250 0.029703 0.054906
0 0.528562 0.259094 0.035344 0.035062
0 0.814633 0.843297 0.034891 0.039813
0 0.923750 0.175844 0.044906 0.045563
0 0.787766 0.440750 0.035625 0.038469
0 0.984180 0.222266 0.031203 0.050312
0 0.640945 0.334711 0.030484 0.033547
0 0.219148 0.087375 0.035047 0.037969
0 0.280391 0.333664 0.031563 0.030953
0 0.548180 0.551695 0.037234 0.037297
0 0.937102 0.548195 0.031578 0.034203
0 0.976961 0.579047 0.033203 0.030156
0 0.866570 0.212898 0.033922 0.039734
0 0.373516 0.409484 0.037156 0.029969
