0 0.566844 0.647617 0.072375 0.081703
0 0.300531 0.326602 0.062750 0.065422
0 0.421047 0.400523 0.063375 0.065172
0 0.413695 0.185062 0.058922 0.064781
0 0.418984 0.027867 0.063125 0.055734
0 0.641758 0.149766 0.061422 0.062531
0 0.625906 0.305742 0.064813 0.068734
0 0.749320 0.226320 0.062672 0.064297
0 0.845734 0.293563 0.059938 0.062531
0 0.455398 0.570453 0.066578 0.078500
0 0.518305 0.097641 0.060141 0.063438
0 0.731211 0.386492 0.056359 0.061047
0 0.180016 0.261633 0.053937 0.056297
0 0.932820 0.547352 0.062516 0.067922
0 0.943773 0.372563 0.054141 0.056375
0 0.312102 0.137109 0.054297 0.054031
0 0.786664 0.530703 0.071328 0.075344
0 0.834422 0.459547 0.060187 0.059281
0 0.634297 0.527695 0.059531 0.065141
0 0.879094 0.616281 0.072719 0.082156
0 0.518094 0.454648 0.058156 0.065734
0 0.236016 0.418781 0.059437 0.061500
0 0.684633 0.699875 0.058328 0.060531
0 0.523961 0.251203 0.051297 0.057719
0 0.124820 0.340094 0.059266 0.057813
0 0.345555 0.496664 0.046484 0.048609
0 0.196094 0.096086 0.053656 0.059078
0 0.722594 0.621258 0.050750 0.053359
0 0.326437 0.724992 0.074313 0.088984
0 0.972227 0.695805 0.054234 0.057891
0 0.883687 0.724625 0.042031 0.045625
0 0.981625 0.029523 0.035906 0.056641
0 0.802477 0.661227 0.027984 0.035234
0 0.840305 0.689727 0.039391 0.042484
0 0.787969 0.715633 0.032125 0.042484
0 0.818539 0.742062 0.026953 0.045594
0 0.856359 0.785586 0.032125 0.029016
0 0.888492 0.812523 0.034203 0.041453
0 0.915953 0.750867 0.026938 0.040422
0 0.953781 0.781953 0.040406 0.038344
0 0.918031 0.845172 0.045594 0.040406
0 0.958438 0.886109 0.024875 0.033156
0 0.984922 0.821336 0.030156 0.061141
