0 0.308727 0.066219 0.030422 0.028813
0 0.289773 0.546563 0.032016 0.028531
0 0.840867 0.536125 0.035172 0.032375
0 0.046484 0.623391 0.032375 0.029156
0 0.929937 0.138805 0.032031 0.032422
0 0.408453 0.742375 0.028250 0.027969
0 0.272398 0.807953 0.028953 0.029187
0 0.086594 0.207547 0.028375 0.026656
0 0.853977 0.412797 0.030859 0.027937
0 0.272617 0.249625 0.032109 0.032500
0 0.359391 0.139141 0.030812 0.031375
0 0.220437 0.827320 0.028187 0.028766
0 0.283062 0.766906 0.031187 0.028281
0 0.430914 0.942812 0.028266 0.029687
0 0.500062 0.412430 0.027469 0.026422
0 0.051625 0.532633 0.029500 0.028484
0 0.452500 0.342523 0.033406 0.032578
0 0.304750 0.110641 0.030094 0.031000
0 0.229148 0.651680 0.035266 0.030578
0 0.436578 0.515156 0.030563 0.027781
0 0.481008 0.545844 0.026109 0.028031
0 0.509016 0.324484 0.028094 0.028000
0 0.424070 0.607828 0.030234 0.027906
0 0.456164 0.720648 0.027766 0.028141
0 0.232195 0.693406 0.031484 0.027156
0 0.381516 0.014008 0.031531 0.027453
0 0.317578 0.316633 0.028375 0.027078
0 0.328523 0.278492 0.037578 0.037984
0 0.364609 0.093164 0.029625 0.028422
0 0.101422 0.025117 0.028875 0.027016
0 0.830516 0.670383 0.031219 0.028922
0 0.802422 0.975453 0.027438 0.028719
0 0.227477 0.782234 0.031703 0.027875
0 0.525602 0.019227 0.036672 0.032766
0 0.209664 0.916477 0.029453 0.026578
0 0.832633 0.627195 0.026047 0.027984
0 0.413187 0.698359 0.029375 0.028844
0 0.470750 0.080461 0.026188 0.024828
0 0.015711 0.959031 0.028422 0.029906
0 0.878883 0.158594 0.028328 0.028000
0 0.393461 0.827727 0.026109 0.028141
0 0.420891 0.649891 0.024250 0.026969
0 0.028953 0.718172 0.028500 0.026719
0 0.372164 0.050227 0.027172 0.025328
0 0.518516 0.237523 0.027125 0.028422
0 0.474469 0.589312 0.028219 0.029062
0 0.280352 0.633727 0.030859 0.029672
0 0.092695 0.155422 0.026141 0.024812
0 0.381195 0.963195 0.025859 0.028391
0 0.885687 0.020930 0.031937 0.030859
0 0.013727 0.415664 0.026547 0.033109
0 0.012445 0.463578 0.024172 0.035812
0 0.857570 0.991523 0.043141 0.015797
0 0.857664 0.379594 0.028891 0.025188
0 0.023969 0.864563 0.027219 0.026156
0 0.285742 0.204977 0.025797 0.025672
0 0.383703 0.919680 0.028781 0.019172
0 0.515586 0.284102 0.042578 0.045266
0 0.211813 0.870148 0.054844 0.046047
0 0.519156 0.153922 0.041375 0.041500
0 0.021352 0.319547 0.039859 0.044406
0 0.029742 0.224156 0.051922 0.043656
0 0.914078 0.356922 0.039000 0.038469
0 0.521930 0.100188 0.041828 0.036687
0 0.075133 0.345891 0.034578 0.033688
0 0.437609 0.473211 0.036187 0.035047
0 0.493703 0.456672 0.036875 0.035562
0 0.894398 0.692586 0.037359 0.037547
0 0.047625 0.046695 0.039062 0.032953
0 0.019984 0.370945 0.036437 0.036547
0 0.523469 0.059078 0.039594 0.031906
0 0.945602 0.008828 0.038234 0.017656
0 0.858203 0.336469 0.036375 0.034094
0 0.230813 0.609141 0.038438 0.033781
0 0.501664 0.372312 0.033234 0.032656
0 0.100461 0.107898 0.036547 0.035797
0 0.006945 0.504719 0.013891 0.028188
0 0.844898 0.496383 0.022953 0.021672
0 0.075773 0.299711 0.035141 0.031859
0 0.457047 0.298328 0.038187 0.034844
0 0.467805 0.170547 0.035484 0.033969
0 0.907641 0.438469 0.034281 0.033719
0 0.472766 0.038594 0.034313 0.036188
0 0.024227 0.270859 0.037328 0.034375
0 0.926016 0.225070 0.035844 0.035359
0 0.874039 0.872297 0.033328 0.032062
0 0.262828 0.297492 0.036906 0.032891
0 0.838063 0.585484 0.034437 0.034438
0 0.046102 0.133055 0.038609 0.035922
0 0.027930 0.760977 0.037641 0.034047
0 0.386406 0.873547 0.035844 0.033156
0 0.339336 0.234336 0.038172 0.033172
0 0.051875 0.088414 0.044219 0.037578
0 0.941258 0.044992 0.033609 0.033266
0 0.081594 0.250070 0.036562 0.034391
0 0.851281 0.456094 0.035781 0.035906
0 0.020445 0.912422 0.038141 0.037594
0 0.464227 0.676555 0.038609 0.037609
0 0.874930 0.112117 0.041922 0.037297
0 0.068523 0.393586 0.038672 0.038328
0 0.460383 0.210406 0.034672 0.030156
0 0.810141 0.932883 0.032750 0.032547
0 0.429836 0.562594 0.034703 0.035594
0 0.830984 0.712719 0.034812 0.032750
0 0.268477 0.849859 0.036203 0.034656
0 0.437727 0.852805 0.036078 0.033609
0 0.229516 0.739219 0.038469 0.033500
0 0.927836 0.185695 0.034484 0.031797
0 0.461359 0.253398 0.038406 0.034078
0 0.893055 0.737391 0.033734 0.033812
0 0.918125 0.311148 0.033781 0.032328
0 0.864883 0.286875 0.032922 0.034938
0 0.262664 0.942727 0.034234 0.029578
0 0.240227 0.519461 0.035766 0.032109
0 0.285102 0.589258 0.033203 0.029484
0 0.444359 0.809477 0.031875 0.030828
0 0.878117 0.064820 0.037266 0.035484
0 0.248891 0.474484 0.033156 0.030594
0 0.398547 0.786086 0.034375 0.030516
0 0.885828 0.777750 0.031187 0.028437
0 0.310492 0.358734 0.032766 0.031844
0 0.039930 0.176945 0.038609 0.035172
0 0.010719 0.549953 0.021438 0.040344
0 0.062320 0.484922 0.032297 0.030906
0 0.258219 0.337656 0.034156 0.032469
0 0.489695 0.502359 0.031797 0.030187
0 0.901797 0.523742 0.034563 0.034297
0 0.314016 0.022297 0.035000 0.034125
0 0.923148 0.268453 0.031172 0.029812
0 0.449766 0.387148 0.037156 0.037297
0 0.817781 0.887883 0.033500 0.033328
0 0.893305 0.648305 0.032234 0.029953
0 0.293227 0.498977 0.033672 0.035391
0 0.248133 0.428734 0.037516 0.029875
0 0.024680 0.811102 0.032734 0.033047
0 0.097695 0.065586 0.030172 0.026922
0 0.302086 0.159961 0.032266 0.032547
0 0.274922 0.715445 0.036125 0.033516
0 0.432266 0.901422 0.031406 0.028656
0 0.863234 0.958555 0.031656 0.030234
0 0.294734 0.452187 0.035719 0.031031
0 0.865242 0.916281 0.030922 0.030656
0 0.827688 0.796492 0.035437 0.035297
0 0.868820 0.201406 0.032109 0.032375
0 0.046945 0.575422 0.028641 0.029563
0 0.203648 0.959547 0.030578 0.031156
0 0.894172 0.608039 0.031969 0.028047
0 0.879734 0.825352 0.034031 0.033766
0 0.445727 0.428266 0.036422 0.029219
0 0.431250 0.984711 0.039438 0.030016
0 0.276562 0.676125 0.034500 0.030156
0 0.868227 0.244352 0.024484 0.025922
0 0.938047 0.089711 0.033125 0.031828
0 0.904328 0.482062 0.028063 0.027813
0 0.039273 0.665266 0.036016 0.034781
0 0.516977 0.197922 0.031297 0.029906
0 0.899711 0.568039 0.030891 0.029484
0 0.254859 0.383234 0.032000 0.031000
0 0.236664 0.564734 0.033859 0.029406
0 0.064578 0.444398 0.033250 0.030859
0 0.467102 0.634453 0.030734 0.029063
0 0.913477 0.400766 0.030766 0.028125
0 0.305320 0.405781 0.029734 0.033125
0 0.344094 0.187055 0.032250 0.033109
0 0.469078 0.122539 0.030906 0.030578
0 0.452492 0.764516 0.028703 0.031031
0 0.832578 0.753148 0.030469 0.027422
0 0.267859 0.899289 0.032563 0.029922
0 0.251992 0.984609 0.035172 0.030094
