0 0.870969 0.731617 0.044531 0.037109
0 0.822633 0.160586 0.050328 0.043859
0 0.892195 0.024844 0.046547 0.047125
0 0.815992 0.207945 0.046953 0.041047
0 0.697562 0.035500 0.050250 0.048438
0 0.867500 0.363437 0.054031 0.044031
0 0.870305 0.532648 0.049672 0.041797
0 0.812633 0.674992 0.052234 0.040703
0 0.807391 0.425984 0.051781 0.040969
0 0.874609 0.813203 0.053531 0.043906
0 0.872797 0.442508 0.058719 0.044141
0 0.872031 0.191633 0.044250 0.042266
0 0.808109 0.383250 0.045500 0.042594
0 0.868164 0.573312 0.047609 0.037062
0 0.869648 0.899328 0.045984 0.045000
0 0.815664 0.551313 0.051391 0.043906
0 0.865195 0.320055 0.046922 0.036422
0 0.817242 0.790500 0.046891 0.043781
0 0.867617 0.489305 0.051078 0.043703
0 0.817352 0.912406 0.042391 0.040000
0 0.629820 0.015938 0.051422 0.031656
0 0.877672 0.107086 0.040219 0.036422
0 0.875937 0.148234 0.042062 0.037000
0 0.872281 0.771398 0.040500 0.030797
0 0.830766 0.120187 0.042313 0.037969
0 0.814695 0.339016 0.035891 0.031125
0 0.865437 0.236211 0.032906 0.030172
0 0.813602 0.247883 0.035047 0.030422
0 0.811648 0.512664 0.040359 0.033547
0 0.815281 0.748156 0.043719 0.035313
0 0.863156 0.277492 0.049156 0.040016
0 0.880383 0.064125 0.032703 0.029156
0 0.832883 0.081742 0.043703 0.032297
0 0.818922 0.869508 0.039125 0.032484
0 0.834609 0.042695 0.040938 0.036703
0 0.870070 0.939016 0.039953 0.032594
0 0.871086 0.977734 0.042734 0.037000
0 0.871031 0.614492 0.052875 0.041641
0 0.871820 0.856203 0.039266 0.031344
0 0.811187 0.953258 0.039781 0.033453
0 0.812273 0.712492 0.046141 0.034359
0 0.870531 0.692195 0.047687 0.039453
0 0.871570 0.651508 0.050984 0.038422
0 0.862555 0.402039 0.040047 0.034047
0 0.806484 0.989437 0.038125 0.019687
0 0.812133 0.588609 0.067578 0.042156
0 0.814477 0.630758 0.056203 0.043484
0 0.808211 0.472797 0.049922 0.043219
0 0.813352 0.294086 0.050359 0.050734
