0 0.780242 0.946875 0.070609 0.078219
0 0.603000 0.924766 0.071781 0.081375
0 0.338695 0.327062 0.059609 0.059219
0 0.487508 0.559672 0.069422 0.074094
0 0.605937 0.449109 0.069656 0.070281
0 0.512820 0.324078 0.061516 0.059312
0 0.682172 0.562820 0.063156 0.064453
0 0.566633 0.135594 0.073828 0.081719
0 0.175203 0.128789 0.061375 0.067016
0 0.088828 0.030695 0.063094 0.061391
0 0.367367 0.681570 0.069797 0.081734
0 0.434828 0.227102 0.059656 0.067391
0 0.805367 0.447336 0.053234 0.053172
0 0.712359 0.850695 0.066125 0.067891
0 0.254969 0.229063 0.074250 0.081844
0 0.473852 0.033891 0.069141 0.067781
0 0.447680 0.763008 0.060172 0.063672
0 0.648648 0.229977 0.079328 0.079578
0 0.905094 0.835922 0.069313 0.070844
0 0.422938 0.434102 0.084313 0.085016
0 0.547320 0.653828 0.065453 0.066250
0 0.756281 0.647437 0.073625 0.074062
0 0.616109 0.749477 0.083000 0.087797
0 0.281641 0.050703 0.088531 0.088937
0 0.829859 0.745984 0.082000 0.093750
0 0.355430 0.142859 0.047078 0.050063
0 0.737773 0.344922 0.086828 0.083406
0 0.894609 0.534680 0.054562 0.052047
0 0.957164 0.622703 0.085672 0.100750
0 0.536492 0.975992 0.068516 0.046766
0 0.977406 0.929172 0.044500 0.077031
0 0.527289 0.840344 0.101391 0.102594
0 0.683992 0.991664 0.053234 0.015516
