0 0.972500 0.535937 0.052156 0.058625
0 0.862063 0.742711 0.052719 0.061672
0 0.966969 0.648758 0.047094 0.056203
0 0.817391 0.689305 0.052250 0.064047
0 0.843562 0.873437 0.045219 0.051469
0 0.593562 0.658648 0.053500 0.064828
0 0.206344 0.793719 0.049719 0.065781
0 0.508969 0.871406 0.042500 0.051000
0 0.765258 0.776156 0.048016 0.060937
0 0.418516 0.650531 0.044406 0.053125
0 0.911250 0.725242 0.038937 0.045453
0 0.974375 0.901195 0.046687 0.057484
0 0.161656 0.809875 0.048781 0.053688
0 0.753914 0.910422 0.044422 0.049937
0 0.639977 0.638750 0.044203 0.050938
0 0.216297 0.928742 0.045813 0.060484
0 0.545055 0.600977 0.045734 0.053859
0 0.159367 0.737719 0.041984 0.045812
0 0.958297 0.719375 0.048344 0.057969
0 0.919984 0.662406 0.043281 0.050000
0 0.835414 0.513914 0.044453 0.052422
0 0.116172 0.753875 0.043031 0.053563
0 0.979070 0.474156 0.040703 0.048062
0 0.720492 0.794102 0.045047 0.056734
0 0.207187 0.722641 0.041500 0.044531
0 0.594375 0.775188 0.047719 0.059313
0 0.890070 0.500242 0.042641 0.047391
0 0.768883 0.707797 0.042984 0.050156
0 0.891234 0.863023 0.043000 0.046672
0 0.742250 0.542617 0.045906 0.058797
0 0.593570 0.589828 0.042141 0.042906
0 0.926031 0.547977 0.045219 0.053766
0 0.249188 0.777523 0.053281 0.064016
0 0.170250 0.938469 0.045969 0.052344
0 0.506109 0.625211 0.039688 0.047797
0 0.797938 0.963727 0.049656 0.057453
0 0.464422 0.638703 0.042594 0.051000
0 0.076695 0.974125 0.037422 0.044281
0 0.638383 0.757531 0.044078 0.055000
0 0.378867 0.663539 0.043109 0.054109
0 0.812820 0.763867 0.044078 0.052703
0 0.644719 0.575953 0.045219 0.047094
0 0.424695 0.905219 0.053234 0.064719
0 0.507352 0.811500 0.040391 0.050469
0 0.250148 0.709531 0.046516 0.050875
0 0.696469 0.560672 0.038031 0.045125
0 0.259094 0.908992 0.041469 0.046359
0 0.258789 0.970961 0.045891 0.051172
0 0.382797 0.858062 0.052688 0.058656
0 0.464945 0.824547 0.043734 0.050719
0 0.684039 0.743219 0.049016 0.056031
0 0.467445 0.886320 0.043453 0.050891
0 0.026438 0.859117 0.044594 0.051047
0 0.543906 0.670836 0.046500 0.055609
0 0.738109 0.610563 0.047344 0.049250
0 0.889383 0.928680 0.044891 0.054078
0 0.118555 0.833391 0.045234 0.054875
0 0.725906 0.724133 0.044688 0.052453
0 0.798750 0.897242 0.040781 0.044234
0 0.377461 0.920852 0.049453 0.056172
0 0.069773 0.774773 0.040547 0.041547
0 0.846305 0.945203 0.057734 0.063125
0 0.598633 0.841297 0.048266 0.059938
0 0.071773 0.845531 0.040953 0.052187
0 0.619914 0.963883 0.043641 0.049391
0 0.677523 0.810484 0.044422 0.055563
0 0.025023 0.792797 0.049859 0.061281
0 0.033445 0.981930 0.043141 0.034547
0 0.553070 0.789141 0.041984 0.050344
0 0.932188 0.919477 0.039375 0.050328
0 0.301820 0.696281 0.039109 0.044625
0 0.341156 0.746023 0.042531 0.048891
0 0.633375 0.822867 0.043156 0.051078
0 0.868391 0.668305 0.045031 0.060422
0 0.782891 0.529992 0.039062 0.046703
0 0.425453 0.717914 0.047562 0.060891
0 0.709594 0.983273 0.045375 0.031672
0 0.573023 0.981156 0.040828 0.036281
0 0.828242 0.584820 0.039078 0.046547
0 0.384023 0.728867 0.047391 0.054516
0 0.294953 0.760250 0.045250 0.052969
0 0.934805 0.484117 0.035547 0.036453
0 0.670250 0.390047 0.035219 0.034531
0 0.784930 0.592961 0.038297 0.045984
0 0.124523 0.955508 0.033766 0.038016
0 0.341688 0.876773 0.043219 0.052922
0 0.466703 0.706125 0.042875 0.054906
0 0.554523 0.855711 0.044297 0.058078
0 0.707930 0.926820 0.034172 0.038422
0 0.752656 0.981578 0.033062 0.036094
0 0.934883 0.847859 0.035859 0.035781
0 0.977781 0.834648 0.035063 0.037453
0 0.338336 0.943312 0.040391 0.047813
0 0.421484 0.844133 0.039844 0.045672
0 0.172141 0.987266 0.042375 0.025344
0 0.299141 0.954820 0.039531 0.053641
0 0.690078 0.629898 0.040281 0.044891
0 0.665742 0.946406 0.037891 0.045937
0 0.214102 0.984430 0.035016 0.029578
0 0.510352 0.691383 0.040734 0.048047
0 0.755398 0.026336 0.044422 0.046547
0 0.338227 0.680336 0.043016 0.040234
0 0.303539 0.887750 0.037453 0.038844
