0 0.765086 0.272937 0.044984 0.039969
0 0.764437 0.221391 0.046625 0.041250
0 0.702883 0.198297 0.049828 0.044906
0 0.707047 0.293758 0.045375 0.041141
0 0.704305 0.145086 0.043953 0.041547
0 0.703086 0.047320 0.045109 0.039328
0 0.922711 0.069711 0.055609 0.053078
0 0.762492 0.357836 0.044484 0.039422
0 0.706328 0.617164 0.048687 0.046922
0 0.697039 0.797805 0.040484 0.037391
0 0.925570 0.159422 0.042859 0.040063
0 0.703305 0.094477 0.040953 0.039234
0 0.760266 0.168938 0.039188 0.038438
0 0.757992 0.120500 0.039609 0.034406
0 0.948727 0.574523 0.035328 0.034547
0 0.709313 0.661148 0.040406 0.035047
0 0.760812 0.815609 0.047781 0.046156
0 0.937758 0.394297 0.042297 0.038375
0 0.955328 0.856258 0.041906 0.042516
0 0.945938 0.622008 0.034500 0.033016
0 0.945789 0.711133 0.035859 0.033016
0 0.759727 0.067719 0.040766 0.041937
0 0.752047 0.635023 0.037312 0.036422
0 0.947430 0.807633 0.038453 0.033422
0 0.751133 0.721898 0.039172 0.033672
0 0.711758 0.338180 0.038203 0.033266
0 0.943187 0.664453 0.034688 0.034281
0 0.967352 0.048945 0.037953 0.037328
0 0.710398 0.523438 0.033641 0.033500
0 0.759969 0.406047 0.039156 0.035781
0 0.706375 0.247539 0.035125 0.032672
0 0.933000 0.302430 0.036938 0.032453
0 0.709531 0.427539 0.040156 0.039391
0 0.706898 0.475156 0.034922 0.034750
0 0.762773 0.314484 0.037047 0.027594
0 0.707406 0.568789 0.035688 0.034578
0 0.714703 0.384477 0.036500 0.033953
0 0.748453 0.591906 0.037594 0.033312
0 0.701484 0.702047 0.034531 0.031656
0 0.756234 0.016531 0.033938 0.031531
0 0.748289 0.495594 0.031734 0.032500
0 0.745000 0.450938 0.033469 0.031344
0 0.928414 0.204648 0.036641 0.032922
0 0.936445 0.343453 0.034547 0.026938
0 0.967836 0.136297 0.031672 0.032688
0 0.703164 0.741961 0.029953 0.025922
0 0.949250 0.757437 0.033344 0.028031
0 0.751609 0.681789 0.034625 0.030203
0 0.969016 0.088664 0.028688 0.028797
0 0.941750 0.439750 0.029594 0.029500
0 0.946773 0.489781 0.028453 0.029656
0 0.984656 0.366141 0.029500 0.030375
0 0.752820 0.765937 0.034203 0.027906
0 0.705453 0.841508 0.037281 0.034703
0 0.951039 0.531805 0.033859 0.026141
0 0.921148 0.024945 0.030766 0.027891
0 0.744922 0.542172 0.030719 0.030531
0 0.967641 0.181078 0.026812 0.025094
0 0.987664 0.780734 0.024672 0.042187
0 0.933078 0.256312 0.036531 0.034687
0 0.929078 0.113984 0.027875 0.025500
0 0.985383 0.317695 0.026234 0.025891
0 0.987977 0.415586 0.024047 0.036391
0 0.988891 0.726977 0.022219 0.041484
0 0.972703 0.236211 0.025188 0.026047
0 0.989367 0.507711 0.021266 0.036891
