0 0.467344 0.474234 0.048656 0.041000
0 0.639813 0.785305 0.053937 0.047047
0 0.891531 0.866820 0.050437 0.047234
0 0.866844 0.384578 0.043031 0.042062
0 0.707992 0.619094 0.049672 0.040562
0 0.475727 0.427977 0.056578 0.050266
0 0.889750 0.083406 0.039625 0.041156
0 0.506500 0.863164 0.041000 0.036984
0 0.431180 0.928242 0.050828 0.047078
0 0.503586 0.016148 0.053766 0.032234
0 0.885555 0.920211 0.041672 0.041734
0 0.838867 0.831188 0.047484 0.042750
0 0.662992 0.399680 0.050422 0.042453
0 0.265219 0.632383 0.054031 0.046547
0 0.317273 0.744633 0.044922 0.038328
0 0.858961 0.530227 0.049359 0.047234
0 0.310703 0.110961 0.042312 0.036109
0 0.867398 0.337648 0.047359 0.040984
0 0.675656 0.205063 0.044906 0.047156
0 0.429992 0.978438 0.049766 0.042844
0 0.636266 0.600023 0.044781 0.039766
0 0.445156 0.882727 0.043938 0.043109
0 0.496094 0.198328 0.035000 0.033125
0 0.893484 0.030484 0.044688 0.038812
0 0.897711 0.767289 0.044984 0.043328
0 0.880758 0.187523 0.041359 0.039734
0 0.498383 0.970328 0.054922 0.054750
0 0.498078 0.154734 0.040313 0.039281
0 0.532813 0.503898 0.046312 0.043391
0 0.896953 0.815750 0.046375 0.044000
0 0.250844 0.755742 0.045250 0.038734
0 0.709234 0.524773 0.041531 0.036109
0 0.324742 0.611281 0.042859 0.034813
0 0.691922 0.810016 0.039594 0.034187
0 0.323094 0.654719 0.051656 0.045156
0 0.460336 0.617484 0.048828 0.046813
0 0.719766 0.431031 0.037219 0.035438
0 0.870898 0.286508 0.044234 0.034891
0 0.647219 0.498172 0.043937 0.035250
0 0.682711 0.158070 0.032859 0.032547
0 0.550422 0.224297 0.036094 0.034469
0 0.459523 0.573102 0.043109 0.035016
0 0.356773 0.264734 0.039172 0.037969
0 0.312055 0.066664 0.048359 0.045266
0 0.494922 0.239906 0.031250 0.029438
0 0.913266 0.563250 0.049219 0.040937
0 0.345555 0.440477 0.043422 0.039578
0 0.927109 0.319703 0.043406 0.040219
0 0.949367 0.018477 0.037391 0.035922
0 0.256195 0.712766 0.042453 0.035719
0 0.284844 0.409258 0.043656 0.037547
0 0.446805 0.837195 0.035922 0.032328
0 0.710227 0.572078 0.045047 0.037281
0 0.696398 0.766359 0.048047 0.042438
0 0.543438 0.362531 0.036937 0.032719
0 0.378766 0.049563 0.041938 0.036313
0 0.669570 0.258633 0.033359 0.032953
0 0.250875 0.796203 0.037281 0.031375
0 0.745563 0.091906 0.036906 0.033500
0 0.916188 0.463789 0.047312 0.040953
0 0.365836 0.176969 0.038047 0.031219
0 0.520656 0.690578 0.041813 0.037969
0 0.528461 0.602961 0.042984 0.042922
0 0.377039 0.092164 0.052047 0.040203
0 0.830117 0.982641 0.039703 0.033000
0 0.513484 0.776148 0.043031 0.039578
0 0.629172 0.835266 0.032781 0.036531
0 0.862758 0.434281 0.031203 0.029844
0 0.619164 0.977492 0.033766 0.036141
0 0.345992 0.389656 0.044172 0.039563
0 0.748719 0.051234 0.031594 0.030937
0 0.306398 0.152383 0.034234 0.031516
0 0.852383 0.639352 0.043953 0.039547
0 0.885844 0.970539 0.032656 0.037047
0 0.528719 0.551781 0.034563 0.034312
0 0.308234 0.190922 0.038969 0.032969
0 0.307648 0.907820 0.051609 0.041703
0 0.449383 0.752617 0.043547 0.035984
0 0.237273 0.971320 0.046891 0.041641
0 0.660617 0.352586 0.045797 0.037141
0 0.841758 0.692273 0.051203 0.046578
0 0.567031 0.137773 0.034000 0.032922
0 0.317547 0.022766 0.045094 0.040344
0 0.268422 0.541172 0.038375 0.033781
0 0.383789 0.013281 0.042422 0.026313
0 0.239195 0.879594 0.041359 0.031500
0 0.285742 0.455305 0.041609 0.037484
0 0.533109 0.453297 0.045937 0.036813
0 0.451586 0.657359 0.034891 0.028625
0 0.687680 0.063914 0.029828 0.026734
0 0.287844 0.362430 0.039875 0.035516
0 0.261781 0.672398 0.043000 0.035484
0 0.618227 0.937109 0.024766 0.029344
0 0.836461 0.878164 0.036078 0.033641
0 0.837539 0.734906 0.057578 0.048187
0 0.729227 0.384195 0.026891 0.029234
0 0.313898 0.782461 0.037234 0.030641
0 0.354469 0.305266 0.030937 0.025812
0 0.518602 0.733297 0.044078 0.036531
0 0.857102 0.483719 0.029578 0.031531
0 0.310008 0.865250 0.049234 0.037344
0 0.557422 0.180219 0.034563 0.032250
0 0.295969 0.273633 0.028781 0.026703
0 0.683609 0.917992 0.029219 0.028047
0 0.302625 0.946164 0.052281 0.044578
0 0.729023 0.287078 0.033797 0.029500
0 0.637617 0.743883 0.031984 0.026953
0 0.576914 0.483109 0.024953 0.027562
0 0.333750 0.527453 0.042125 0.034781
0 0.298320 0.981687 0.049297 0.036063
0 0.289141 0.316914 0.057781 0.024078
0 0.642828 0.693312 0.041813 0.037687
0 0.547602 0.320078 0.049328 0.045375
0 0.929734 0.271937 0.046594 0.045594
0 0.569289 0.046773 0.043109 0.040359
0 0.652867 0.448531 0.048703 0.045469
0 0.491609 0.284227 0.042781 0.040922
0 0.717609 0.482781 0.044406 0.043562
0 0.498516 0.107187 0.050469 0.047312
0 0.318812 0.698687 0.045688 0.039812
0 0.459992 0.527219 0.058266 0.053812
0 0.943273 0.068547 0.049891 0.053062
0 0.832078 0.934594 0.046844 0.047531
0 0.538039 0.409820 0.053547 0.046641
0 0.453484 0.705977 0.052219 0.048797
0 0.852266 0.582711 0.054469 0.057297
0 0.736141 0.187188 0.057844 0.053125
0 0.362312 0.219461 0.052125 0.045828
0 0.667820 0.305781 0.055734 0.050937
0 0.528922 0.646633 0.053531 0.042922
0 0.836930 0.781758 0.057484 0.050859
0 0.446477 0.796687 0.038109 0.035625
0 0.643805 0.546477 0.047484 0.044109
0 0.243336 0.837133 0.049047 0.044797
0 0.551680 0.272875 0.038391 0.036406
0 0.239141 0.922773 0.045938 0.043766
0 0.343828 0.486359 0.047906 0.041812
0 0.296000 0.234687 0.047000 0.042281
0 0.922547 0.420016 0.050344 0.047000
0 0.686117 0.020875 0.042953 0.040281
0 0.910266 0.616914 0.061719 0.058797
0 0.628656 0.888234 0.042844 0.046937
0 0.502539 0.913242 0.052922 0.049984
0 0.560984 0.091914 0.052281 0.044641
0 0.681766 0.959484 0.050281 0.044719
0 0.509148 0.821531 0.040172 0.035437
0 0.937305 0.171266 0.038766 0.041250
0 0.478937 0.380914 0.053531 0.046859
0 0.368180 0.133781 0.054859 0.047188
0 0.324930 0.570008 0.052547 0.045547
0 0.901016 0.720227 0.050250 0.046953
0 0.265023 0.585891 0.052203 0.045375
0 0.918539 0.515102 0.057391 0.049797
0 0.940219 0.119477 0.040094 0.039516
0 0.277914 0.499859 0.050453 0.045125
0 0.728734 0.333281 0.043156 0.042594
0 0.689273 0.860977 0.048047 0.051703
0 0.934625 0.222766 0.037500 0.035156
0 0.309430 0.822867 0.049984 0.044141
0 0.699328 0.716711 0.050656 0.050516
0 0.640188 0.642492 0.046062 0.045828
0 0.747289 0.136742 0.041672 0.038422
0 0.900914 0.670570 0.063016 0.051297
0 0.923625 0.366414 0.047469 0.046703
0 0.487125 0.333469 0.043281 0.042469
0 0.876836 0.241320 0.049047 0.047922
0 0.501016 0.056789 0.048937 0.042266
0 0.885508 0.134906 0.039391 0.039344
0 0.349906 0.346656 0.037531 0.036312
0 0.730828 0.241977 0.054938 0.050984
