0 0.908453 0.731797 0.048094 0.038719
0 0.891297 0.872242 0.052875 0.047047
0 0.960414 0.946164 0.048922 0.042766
0 0.945383 0.116227 0.054391 0.048516
0 0.896281 0.823422 0.047344 0.039625
0 0.962375 0.898266 0.044750 0.041313
0 0.952141 0.063594 0.057156 0.048781
0 0.930742 0.386539 0.050422 0.040766
0 0.977547 0.545070 0.043938 0.041516
0 0.888219 0.970133 0.052000 0.053828
0 0.967922 0.756836 0.044313 0.037391
0 0.922930 0.474969 0.041516 0.037469
0 0.886508 0.919375 0.046891 0.039219
0 0.984375 0.459070 0.031063 0.041047
0 0.937813 0.294734 0.047813 0.041562
0 0.972227 0.674227 0.041891 0.037891
0 0.907711 0.648633 0.044266 0.035547
0 0.957453 0.015969 0.039469 0.031344
0 0.963148 0.851969 0.053359 0.047031
0 0.974008 0.629531 0.043578 0.043125
0 0.963453 0.802242 0.054031 0.046453
0 0.927109 0.427609 0.051125 0.043125
0 0.979180 0.502969 0.040422 0.042250
0 0.914594 0.563266 0.046188 0.041312
0 0.939227 0.341523 0.053172 0.047109
0 0.946336 0.208422 0.034141 0.032812
0 0.908320 0.607797 0.046859 0.038344
0 0.968938 0.713977 0.038437 0.033672
0 0.942930 0.167719 0.046984 0.044375
0 0.900625 0.776906 0.046719 0.043844
0 0.918891 0.518633 0.042812 0.036672
0 0.956125 0.986117 0.044000 0.027266
0 0.906023 0.687367 0.045578 0.036391
0 0.938500 0.251836 0.043656 0.039828
0 0.986203 0.410320 0.027594 0.039578
0 0.977258 0.584812 0.037141 0.032594
0 0.984945 0.188883 0.029766 0.050859
0 0.680625 0.870055 0.024406 0.027297
0 0.240391 0.815797 0.036531 0.033812
0 0.730297 0.604844 0.029781 0.026906
