0 0.976047 0.962187 0.047094 0.063875
0 0.122875 0.812484 0.058375 0.068438
0 0.246563 0.593422 0.057375 0.056781
0 0.135000 0.036969 0.059156 0.049406
0 0.690422 0.946555 0.057469 0.059703
0 0.066375 0.418219 0.065062 0.067687
0 0.398094 0.745750 0.055313 0.057813
0 0.040711 0.744984 0.053609 0.067719
0 0.187172 0.778305 0.054250 0.063141
0 0.309641 0.654938 0.045813 0.052344
0 0.094305 0.700305 0.046922 0.055578
0 0.307633 0.944867 0.042672 0.049359
0 0.432172 0.781219 0.053625 0.057781
0 0.258477 0.832562 0.039141 0.044812
0 0.587664 0.860984 0.033297 0.036094
0 0.570367 0.912008 0.042453 0.042047
0 0.132406 0.086680 0.048313 0.043016
0 0.137125 0.137180 0.042719 0.044328
0 0.473500 0.822391 0.045719 0.049406
0 0.063711 0.063406 0.047109 0.042469
0 0.484445 0.761734 0.041109 0.042687
0 0.211125 0.481375 0.050937 0.058937
0 0.206570 0.862461 0.044453 0.046359
0 0.055914 0.017984 0.043484 0.035563
0 0.272680 0.917445 0.043141 0.053172
0 0.145891 0.424203 0.034156 0.036094
0 0.063977 0.113195 0.039953 0.037297
0 0.379922 0.982070 0.058375 0.033953
0 0.539570 0.881078 0.044797 0.049594
0 0.078336 0.362727 0.041984 0.039172
0 0.359953 0.634477 0.043219 0.049359
0 0.297852 0.573633 0.040578 0.046172
0 0.036055 0.639023 0.044922 0.042266
0 0.237594 0.893188 0.039813 0.043000
0 0.128383 0.472273 0.039891 0.044484
0 0.264758 0.534047 0.039422 0.044344
0 0.420172 0.691102 0.040250 0.044797
0 0.030359 0.380859 0.034031 0.039125
0 0.621797 0.888672 0.040094 0.042000
0 0.049773 0.944500 0.038953 0.042094
0 0.357531 0.908820 0.039719 0.046109
0 0.331406 0.604672 0.034813 0.035844
0 0.218617 0.811242 0.035266 0.036109
0 0.165406 0.836227 0.028344 0.031391
0 0.115266 0.388078 0.039000 0.040625
0 0.179867 0.447430 0.043797 0.049484
0 0.339859 0.687891 0.034156 0.035844
0 0.523187 0.791047 0.034187 0.044031
0 0.157406 0.501055 0.034937 0.033953
0 0.153922 0.748523 0.034281 0.038922
0 0.664047 0.986594 0.044719 0.025063
0 0.364055 0.717477 0.043766 0.056016
0 0.444750 0.979016 0.042406 0.039906
0 0.012078 0.707648 0.024156 0.046203
0 0.082023 0.970547 0.038547 0.045156
0 0.455727 0.726148 0.032797 0.031266
0 0.297055 0.856758 0.037703 0.041609
0 0.327516 0.884937 0.031906 0.051344
