0 0.181234 0.834578 0.037156 0.020125
0 0.826367 0.585172 0.020547 0.025750
0 0.901586 0.535516 0.017172 0.019781
0 0.953102 0.545969 0.024641 0.019781
0 0.919883 0.600102 0.020172 0.022016
0 0.524266 0.329625 0.030125 0.030844
0 0.510656 0.262750 0.029875 0.031562
0 0.466547 0.251422 0.030375 0.029156
0 0.576688 0.337344 0.030844 0.030844
0 0.621766 0.353375 0.026031 0.026750
0 0.666469 0.357828 0.026281 0.033250
0 0.701898 0.371320 0.031578 0.029891
0 0.751297 0.372367 0.031375 0.027609
0 0.792195 0.381773 0.027828 0.029297
0 0.842820 0.379266 0.046234 0.025531
0 0.893359 0.385977 0.028219 0.036953
0 0.939031 0.392359 0.021500 0.037625
0 0.985641 0.401430 0.028719 0.027547
0 0.406266 0.010750 0.026875 0.018813
0 0.418359 0.048711 0.028219 0.026203
0 0.445570 0.096078 0.035609 0.022844
0 0.466398 0.132695 0.032922 0.027547
0 0.505703 0.074242 0.030906 0.024859
0 0.483531 0.046023 0.032250 0.028891
0 0.132875 0.048977 0.045375 0.039078
0 0.034180 0.744352 0.039203 0.041141
0 0.031414 0.363727 0.034422 0.033547
0 0.071867 0.312438 0.029672 0.029406
0 0.061125 0.274148 0.029812 0.027703
0 0.204188 0.015258 0.038406 0.030078
0 0.046047 0.233563 0.027437 0.030125
0 0.021914 0.150102 0.029359 0.028266
0 0.012344 0.110344 0.024688 0.040219
0 0.012539 0.270133 0.024359 0.035797
0 0.030305 0.687430 0.025984 0.030422
0 0.149266 0.089148 0.035281 0.030922
0 0.219289 0.054266 0.031516 0.030875
0 0.017508 0.314477 0.027172 0.028234
0 0.031352 0.184117 0.024547 0.023516
0 0.131961 0.011820 0.043672 0.023578
0 0.006219 0.065633 0.012438 0.029891
0 0.135562 0.739359 0.034062 0.017031
0 0.134789 0.807102 0.030953 0.036391
0 0.186656 0.765688 0.037156 0.023219
0 0.225750 0.790844 0.031750 0.020906
0 0.269102 0.811742 0.031734 0.025547
0 0.220719 0.867867 0.048000 0.051078
0 0.265609 0.891086 0.034062 0.029422
0 0.312063 0.841164 0.034063 0.028641
0 0.349992 0.855094 0.018578 0.024000
0 0.408437 0.892258 0.037938 0.028641
0 0.302383 0.925922 0.053422 0.023219
0 0.356953 0.941789 0.037156 0.022453
0 0.396437 0.964242 0.030969 0.022453
0 0.435148 0.984367 0.032516 0.019359
0 0.446367 0.915859 0.030203 0.030969
0 0.480039 0.939086 0.029422 0.032516
0 0.766844 0.888773 0.036375 0.021672
0 0.828773 0.905023 0.039484 0.029422
0 0.875219 0.919734 0.034844 0.026312
0 0.926695 0.942570 0.035609 0.028641
0 0.813680 0.841547 0.043359 0.038719
0 0.869023 0.852391 0.042578 0.023219
0 0.915859 0.862445 0.027875 0.026328
0 0.968117 0.874453 0.025547 0.027094
0 0.650344 0.691375 0.034063 0.023219
0 0.679375 0.654211 0.027094 0.021672
0 0.729688 0.670852 0.036250 0.025547
0 0.692531 0.706078 0.030187 0.026312
0 0.739367 0.714602 0.030953 0.018578
0 0.828391 0.685570 0.023219 0.022453
0 0.797039 0.725430 0.045672 0.027859
0 0.840773 0.745945 0.032516 0.023984
0 0.877156 0.696406 0.043344 0.027094
0 0.934055 0.704914 0.020891 0.022453
0 0.899609 0.759500 0.034062 0.037156
0 0.946820 0.766078 0.032516 0.024000
0 0.987078 0.713438 0.020125 0.024000
0 0.237859 0.471539 0.031344 0.027766
0 0.288797 0.481203 0.026500 0.022406
0 0.371672 0.446484 0.028000 0.023156
0 0.406945 0.457867 0.025391 0.019047
0 0.451750 0.469812 0.029125 0.027250
0 0.599578 0.505844 0.029125 0.022406
0 0.567102 0.560531 0.022391 0.022031
0 0.621789 0.567062 0.030984 0.027625
0 0.799859 0.524320 0.020531 0.023516
