0 0.050836 0.414102 0.059141 0.045672
0 0.360047 0.029266 0.050156 0.057656
0 0.254102 0.037125 0.068891 0.071875
0 0.160891 0.046859 0.078625 0.068875
0 0.056820 0.046109 0.068141 0.073375
0 0.061313 0.157672 0.056156 0.056906
0 0.162391 0.158414 0.053156 0.046422
0 0.257094 0.156547 0.055406 0.056156
0 0.362664 0.154305 0.047922 0.068141
0 0.050836 0.280828 0.062141 0.050156
0 0.151906 0.285695 0.057656 0.044922
0 0.257477 0.289820 0.045672 0.047172
0 0.370148 0.282703 0.058391 0.053906
0 0.146289 0.407734 0.056891 0.049406
0 0.256719 0.399875 0.056156 0.050156
0 0.362297 0.409984 0.054656 0.059906
0 0.038102 0.541758 0.044172 0.044922
0 0.137688 0.524906 0.053156 0.053156
0 0.246242 0.528648 0.060641 0.041172
0 0.345445 0.531641 0.061391 0.054656
0 0.031367 0.654438 0.060641 0.069625
0 0.142922 0.643203 0.063625 0.071125
0 0.236883 0.649188 0.047922 0.054656
0 0.345820 0.646945 0.063641 0.056141
0 0.019984 0.785461 0.039969 0.065141
0 0.134688 0.780203 0.056156 0.059156
0 0.234258 0.791445 0.045672 0.059141
0 0.350312 0.790695 0.050156 0.051672
0 0.026875 0.915352 0.053156 0.059891
0 0.135438 0.892148 0.059156 0.049422
0 0.235758 0.905625 0.048672 0.050906
0 0.358922 0.917227 0.052406 0.045672
