0 0.777250 0.991953 0.032344 0.015344
0 0.159859 0.991023 0.043812 0.016828
0 0.893297 0.166305 0.026594 0.028109
0 0.007422 0.221961 0.014844 0.030703
0 0.684266 0.622398 0.041156 0.040859
0 0.111242 0.642687 0.052016 0.054094
0 0.873734 0.598523 0.037531 0.037547
0 0.911469 0.368031 0.044313 0.045562
0 0.688578 0.673820 0.042156 0.040141
0 0.656383 0.316930 0.042766 0.044828
0 0.764461 0.898523 0.039078 0.038891
0 0.898008 0.218156 0.043328 0.041500
0 0.635500 0.171336 0.044094 0.042953
0 0.023680 0.375297 0.047203 0.053063
0 0.667672 0.412781 0.038687 0.038656
0 0.297383 0.533320 0.040766 0.035266
0 0.974766 0.873508 0.035531 0.036453
0 0.880492 0.649523 0.037359 0.036672
0 0.122750 0.749242 0.041094 0.037422
0 0.195008 0.097750 0.038359 0.034500
0 0.270898 0.193336 0.040578 0.038172
0 0.269734 0.871898 0.038312 0.032203
0 0.966781 0.823742 0.037469 0.039328
0 0.685008 0.569180 0.036391 0.038297
0 0.396781 0.050211 0.037438 0.037422
0 0.308414 0.657687 0.036828 0.035031
0 0.509383 0.862547 0.040641 0.039219
0 0.261250 0.111648 0.036938 0.032578
0 0.422891 0.275297 0.040781 0.040375
0 0.916477 0.463078 0.038578 0.037719
0 0.722687 0.382711 0.034531 0.036391
0 0.699680 0.773586 0.033828 0.034703
0 0.920305 0.901656 0.036547 0.037406
0 0.873500 0.019797 0.045094 0.038531
0 0.060242 0.186938 0.036703 0.034437
0 0.224547 0.435875 0.036063 0.033656
0 0.883898 0.121203 0.038359 0.038781
0 0.476680 0.595953 0.034891 0.037375
0 0.508312 0.405016 0.038063 0.040688
0 0.772500 0.953844 0.037281 0.039969
0 0.959836 0.769453 0.035641 0.037125
0 0.475086 0.182867 0.035484 0.036953
0 0.067000 0.294055 0.035406 0.034734
0 0.201719 0.181570 0.037687 0.037172
0 0.207859 0.259969 0.034875 0.032719
0 0.528555 0.516219 0.038516 0.041812
0 0.956672 0.719078 0.033812 0.035750
0 0.700789 0.187758 0.037297 0.036516
0 0.071000 0.347367 0.033094 0.035797
0 0.299008 0.491094 0.033734 0.030531
0 0.092359 0.884672 0.034125 0.035219
0 0.935125 0.613797 0.037094 0.039187
0 0.020766 0.323781 0.035937 0.037437
0 0.146484 0.906320 0.033188 0.036047
0 0.079469 0.827719 0.039188 0.038563
0 0.044258 0.092117 0.037578 0.038578
0 0.711992 0.929984 0.041453 0.042156
0 0.222305 0.350930 0.037047 0.034766
0 0.277383 0.370375 0.032922 0.034375
0 0.500594 0.811078 0.035688 0.034250
0 0.562539 0.826148 0.036641 0.035828
0 0.468844 0.075367 0.038875 0.036078
0 0.475117 0.548547 0.035859 0.034687
0 0.273680 0.235562 0.033609 0.031000
0 0.749055 0.696172 0.030922 0.031062
0 0.240937 0.639195 0.037125 0.031953
0 0.748344 0.740258 0.031125 0.035578
0 0.573039 0.937320 0.030172 0.032953
0 0.093430 0.499297 0.033453 0.034125
0 0.522430 0.965867 0.041547 0.041422
0 0.708547 0.284781 0.032500 0.032281
0 0.264781 0.828680 0.031781 0.030766
0 0.275445 0.913289 0.036109 0.031672
0 0.708102 0.879742 0.036297 0.035891
0 0.276805 0.321797 0.033297 0.032031
0 0.722438 0.433648 0.033469 0.033203
0 0.737609 0.542687 0.035531 0.036875
0 0.703688 0.826227 0.035344 0.033484
0 0.550297 0.677234 0.035062 0.030000
0 0.250656 0.026484 0.050438 0.042594
0 0.889859 0.702758 0.030313 0.032203
0 0.411445 0.208914 0.032984 0.033141
0 0.705031 0.237648 0.033094 0.033172
0 0.920117 0.512211 0.034641 0.034703
0 0.871805 0.544539 0.034422 0.033047
0 0.201406 0.139719 0.033281 0.027812
0 0.752594 0.849914 0.030656 0.033141
0 0.434898 0.325453 0.039109 0.033969
0 0.464875 0.493547 0.034656 0.037813
0 0.673570 0.466344 0.037484 0.038750
0 0.250172 0.730969 0.036187 0.035719
0 0.129719 0.803086 0.032062 0.031797
0 0.945547 0.670203 0.028531 0.035781
0 0.901867 0.266430 0.040328 0.038734
0 0.740820 0.641641 0.031859 0.032219
0 0.494305 0.701414 0.030734 0.030734
0 0.695086 0.722047 0.031453 0.031562
0 0.914852 0.804125 0.032141 0.032813
0 0.328188 0.841062 0.031125 0.031250
0 0.331422 0.883367 0.030969 0.030766
0 0.444484 0.376945 0.032344 0.037547
0 0.139320 0.853180 0.035047 0.032734
0 0.311492 0.613680 0.032016 0.029516
0 0.100016 0.933789 0.031344 0.031359
0 0.851641 0.346086 0.030750 0.031922
0 0.034273 0.479531 0.040328 0.042344
0 0.855289 0.394805 0.030516 0.032828
0 0.049938 0.142102 0.035125 0.031703
0 0.240406 0.598008 0.034406 0.031359
0 0.473625 0.128016 0.035375 0.031750
0 0.831805 0.200969 0.030891 0.033062
0 0.335570 0.972766 0.031734 0.031469
0 0.331016 0.926477 0.032437 0.029484
0 0.010727 0.272602 0.021453 0.031828
0 0.037336 0.044602 0.027078 0.025484
0 0.927969 0.991391 0.032031 0.016250
0 0.732187 0.489516 0.030406 0.029375
0 0.459992 0.023898 0.036484 0.033078
0 0.907539 0.315195 0.031672 0.032016
0 0.821164 0.146984 0.032766 0.032375
0 0.214461 0.300367 0.032641 0.032266
0 0.256648 0.783094 0.034453 0.032531
0 0.256445 0.070867 0.034109 0.031047
0 0.098938 0.548883 0.031500 0.030203
0 0.302141 0.573930 0.035187 0.029016
0 0.929492 0.951523 0.029391 0.032328
0 0.192563 0.055609 0.038469 0.035969
0 0.115219 0.696492 0.031500 0.030328
0 0.064641 0.727047 0.030469 0.029750
0 0.675156 0.039461 0.034531 0.034672
0 0.049516 0.579047 0.030562 0.030125
0 0.929445 0.560641 0.031797 0.032875
0 0.536734 0.568969 0.033406 0.036625
0 0.685430 0.086070 0.033828 0.033922
0 0.228031 0.478578 0.033812 0.031187
0 0.277422 0.956945 0.029906 0.027234
0 0.244758 0.679227 0.030297 0.028828
0 0.717742 0.981508 0.039828 0.035359
0 0.152547 0.952453 0.029781 0.028219
0 0.643906 0.223117 0.032063 0.032078
0 0.482773 0.650602 0.030797 0.032109
0 0.057742 0.674086 0.028828 0.030297
0 0.066023 0.239867 0.028141 0.029359
0 0.915750 0.852125 0.031469 0.029844
0 0.006781 0.173648 0.013562 0.037922
0 0.272305 0.278062 0.033984 0.028594
0 0.680219 0.515633 0.028250 0.028328
0 0.103406 0.593508 0.029750 0.030391
0 0.267523 0.150844 0.029828 0.028344
0 0.740156 0.590977 0.027781 0.027484
0 0.755359 0.790398 0.027219 0.029484
0 0.913430 0.413242 0.030047 0.027422
0 0.072914 0.780258 0.028234 0.029078
0 0.235242 0.561172 0.028172 0.027188
0 0.820227 0.100680 0.032672 0.032641
0 0.404023 0.106570 0.032516 0.036641
0 0.878852 0.071273 0.029484 0.032859
0 0.844227 0.296125 0.031484 0.031062
0 0.320656 0.792023 0.029406 0.028859
0 0.053102 0.624547 0.028516 0.032156
0 0.861430 0.444797 0.030516 0.032594
0 0.867336 0.496234 0.028734 0.030062
0 0.218031 0.394437 0.032031 0.029469
0 0.085602 0.444203 0.031391 0.029687
0 0.701336 0.141289 0.028984 0.029328
0 0.567328 0.883172 0.027312 0.030406
0 0.229680 0.518602 0.031609 0.025328
0 0.839039 0.249750 0.030047 0.031875
0 0.283461 0.413445 0.029922 0.027797
0 0.664609 0.362500 0.031719 0.028188
0 0.496977 0.758961 0.030672 0.030516
0 0.715562 0.330844 0.028531 0.030000
0 0.552719 0.780695 0.032688 0.030484
0 0.453117 0.430312 0.027172 0.027844
0 0.042430 0.529273 0.028359 0.029391
0 0.314773 0.699281 0.024328 0.025969
0 0.104609 0.979891 0.027094 0.030219
0 0.807750 0.014164 0.035938 0.027922
0 0.545930 0.730141 0.027297 0.026219
0 0.030453 0.427023 0.027094 0.028297
0 0.079125 0.391484 0.028375 0.028125
0 0.516766 0.458039 0.026625 0.029203
0 0.903828 0.751500 0.026750 0.030781
0 0.290422 0.450836 0.027750 0.027328
0 0.653953 0.269953 0.024438 0.025875
0 0.815820 0.048336 0.030359 0.029578
0 0.415766 0.162172 0.028594 0.027344
0 0.495867 0.294242 0.034609 0.037297
0 0.206680 0.221984 0.025953 0.021969
0 0.315539 0.747789 0.026172 0.026203
0 0.189234 0.015086 0.035437 0.029547
0 0.974570 0.925172 0.024578 0.028813
0 0.284852 0.990984 0.038609 0.016906
0 0.496906 0.353000 0.029687 0.029156
0 0.541305 0.623703 0.025859 0.026094
0 0.482523 0.241594 0.028953 0.026750
0 0.981695 0.967977 0.026453 0.028703
0 0.517102 0.915406 0.025734 0.025969
0 0.608773 0.019820 0.033422 0.036297
