0 0.453250 0.053969 0.035969 0.028781
0 0.698453 0.209242 0.029969 0.037172
0 0.742219 0.244617 0.031094 0.023984
0 0.777594 0.268000 0.029969 0.039562
0 0.824953 0.306969 0.033563 0.028781
0 0.852531 0.333945 0.026375 0.037172
0 0.891508 0.362125 0.039578 0.019188
0 0.923273 0.390906 0.021578 0.028781
0 0.955648 0.420883 0.021578 0.040766
0 0.791977 0.012008 0.037172 0.021578
0 0.824352 0.047375 0.027578 0.034781
0 0.859133 0.082750 0.027578 0.021594
0 0.890305 0.112727 0.025172 0.031172
0 0.850133 0.129516 0.033578 0.019188
0 0.932266 0.148695 0.022781 0.023984
0 0.878313 0.170281 0.020375 0.016781
0 0.909484 0.198453 0.034781 0.020375
0 0.960445 0.184672 0.026391 0.019188
0 0.974234 0.270992 0.025188 0.031172
0 0.940063 0.022195 0.028781 0.027578
0 0.970039 0.058773 0.016797 0.023984
0 0.277516 0.386961 0.068219 0.073547
0 0.349945 0.449125 0.061453 0.064000
0 0.416055 0.526461 0.059297 0.060297
0 0.590617 0.707969 0.067391 0.063062
0 0.500406 0.615820 0.060719 0.063922
0 0.671125 0.799039 0.056344 0.059859
0 0.329961 0.710437 0.068391 0.067687
0 0.819008 0.951031 0.061297 0.062500
0 0.294820 0.667094 0.060484 0.058031
0 0.425016 0.843430 0.061125 0.060203
0 0.490812 0.788656 0.058688 0.074250
0 0.354898 0.602977 0.062828 0.065141
0 0.683516 0.926313 0.052031 0.057781
0 0.243477 0.583719 0.041141 0.047438
0 0.396375 0.807070 0.056781 0.054328
0 0.482008 0.935719 0.057547 0.052625
0 0.124234 0.427195 0.050219 0.053141
0 0.746477 0.886148 0.047234 0.048672
0 0.201172 0.528281 0.047906 0.048906
0 0.492500 0.982602 0.059031 0.032703
0 0.157086 0.022797 0.040766 0.038375
0 0.199055 0.056375 0.033578 0.028781
0 0.238031 0.094141 0.022781 0.029969
0 0.273398 0.128312 0.021578 0.021594
0 0.313570 0.167273 0.037172 0.027578
0 0.352531 0.202047 0.028781 0.022781
0 0.386703 0.239820 0.034781 0.033578
0 0.422680 0.275789 0.027578 0.023984
0 0.456242 0.315969 0.027578 0.032375
0 0.490422 0.351328 0.023969 0.026375
0 0.518000 0.383711 0.023969 0.033578
0 0.554008 0.432867 0.033641 0.021578
0 0.584547 0.469438 0.025188 0.029969
0 0.624719 0.505414 0.038375 0.027578
0 0.652289 0.543180 0.033578 0.028766
0 0.693063 0.581555 0.033563 0.023984
0 0.729633 0.615117 0.020391 0.033578
0 0.765609 0.654094 0.022781 0.025188
0 0.798578 0.685266 0.033563 0.022781
0 0.835742 0.720633 0.031172 0.033578
0 0.875313 0.754805 0.021594 0.027578
0 0.914883 0.796781 0.033578 0.032375
0 0.944859 0.827953 0.031188 0.025188
0 0.976031 0.870516 0.026375 0.043156
0 0.225430 0.012000 0.033578 0.016781
0 0.263211 0.044383 0.027578 0.040766
0 0.291977 0.075555 0.027578 0.026391
0 0.327953 0.110930 0.044375 0.034766
0 0.365727 0.146898 0.031172 0.029984
0 0.407086 0.185266 0.029984 0.032375
0 0.436461 0.224234 0.021578 0.019188
0 0.470039 0.265602 0.033578 0.037172
0 0.503016 0.297977 0.015594 0.017984
0 0.535383 0.337539 0.029984 0.027578
0 0.577953 0.379508 0.028781 0.027578
0 0.606133 0.411883 0.025172 0.017984
0 0.637898 0.447859 0.023984 0.025188
0 0.681070 0.486828 0.040766 0.026375
0 0.714641 0.530586 0.035969 0.037172
0 0.748820 0.558773 0.017984 0.023984
0 0.787187 0.592344 0.020375 0.019188
0 0.823750 0.627719 0.028781 0.022781
0 0.854328 0.667883 0.029969 0.033578
0 0.894500 0.702656 0.026375 0.026375
0 0.968844 0.775195 0.016781 0.034766
0 0.421477 0.016805 0.046766 0.021578
0 0.489227 0.086352 0.021578 0.014391
0 0.523992 0.119922 0.033578 0.028781
0 0.565961 0.163687 0.028766 0.029969
0 0.603133 0.194859 0.021578 0.034781
0 0.642102 0.226039 0.025172 0.017984
0 0.685867 0.262008 0.028766 0.020391
0 0.721836 0.294383 0.026391 0.017984
0 0.758414 0.335750 0.027578 0.028781
0 0.788984 0.368117 0.021594 0.023984
0 0.821953 0.400492 0.025188 0.023984
0 0.855531 0.420883 0.022781 0.023984
0 0.892102 0.453852 0.019172 0.034766
0 0.935266 0.478437 0.026375 0.019187
0 0.976633 0.521000 0.037172 0.029969
0 0.512602 0.035383 0.025172 0.029984
0 0.550375 0.073156 0.031188 0.033563
0 0.578547 0.100734 0.022781 0.021594
0 0.624117 0.141500 0.044359 0.057563
0 0.669078 0.178070 0.021594 0.020391
