0 0.707852 0.432539 0.037672 0.038484
0 0.501578 0.711023 0.033750 0.037234
0 0.730539 0.681578 0.034422 0.035531
0 0.500188 0.346914 0.033344 0.033891
0 0.712703 0.198352 0.032750 0.035453
0 0.735078 0.786828 0.036156 0.035406
0 0.923563 0.386414 0.031250 0.030734
0 0.656125 0.618375 0.042719 0.040500
0 0.877016 0.210516 0.029406 0.039813
0 0.502609 0.757508 0.029906 0.032203
0 0.437039 0.228070 0.033359 0.030641
0 0.502727 0.438016 0.035578 0.034406
0 0.722750 0.539312 0.030469 0.032187
0 0.924398 0.339758 0.030047 0.028172
0 0.712156 0.486594 0.032031 0.032844
0 0.448070 0.324656 0.034359 0.034469
0 0.501156 0.664047 0.033406 0.037688
0 0.925836 0.291727 0.030266 0.033391
0 0.710586 0.251844 0.030422 0.031625
0 0.873141 0.065758 0.031781 0.031297
0 0.701937 0.048617 0.035688 0.034953
0 0.734375 0.840195 0.036906 0.032172
0 0.871063 0.152602 0.027531 0.033328
0 0.904055 0.887328 0.030984 0.033406
0 0.501313 0.616680 0.032250 0.033578
0 0.712672 0.144289 0.032625 0.034172
0 0.505281 0.156922 0.035438 0.045219
0 0.503180 0.802258 0.030734 0.032703
0 0.504523 0.391586 0.029797 0.032922
0 0.504695 0.571461 0.033578 0.042547
0 0.499992 0.204773 0.034016 0.031734
0 0.871141 0.323289 0.028469 0.031109
0 0.498250 0.294578 0.033812 0.036875
0 0.657344 0.511617 0.031375 0.035703
0 0.697078 0.096023 0.030219 0.031734
0 0.707172 0.374703 0.029844 0.035375
0 0.498867 0.249156 0.030422 0.028969
0 0.875359 0.110461 0.031500 0.030172
0 0.898578 0.839445 0.030063 0.029547
0 0.654188 0.229352 0.029656 0.033984
0 0.427828 0.141438 0.030969 0.030094
0 0.870672 0.367391 0.028906 0.030344
0 0.933203 0.664602 0.027000 0.028297
0 0.925094 0.476859 0.027875 0.026906
0 0.924422 0.076953 0.024781 0.028000
0 0.739711 0.889227 0.029484 0.036047
0 0.441156 0.274664 0.030000 0.035672
0 0.730945 0.586938 0.027766 0.030063
0 0.941906 0.760547 0.027125 0.030625
0 0.877586 0.649680 0.028203 0.031266
0 0.506758 0.509961 0.034922 0.047578
0 0.871531 0.554750 0.026219 0.027531
0 0.654484 0.283289 0.027562 0.034391
0 0.928383 0.568984 0.026047 0.026031
0 0.929164 0.620141 0.025672 0.027031
0 0.653531 0.072453 0.028719 0.034156
0 0.655352 0.337078 0.027328 0.033000
0 0.923117 0.518594 0.028078 0.030625
0 0.742461 0.945078 0.025859 0.028469
0 0.872641 0.265453 0.030937 0.033969
0 0.923133 0.123625 0.024859 0.027812
0 0.654953 0.460781 0.030469 0.036406
0 0.870820 0.459977 0.026984 0.025516
0 0.925094 0.240359 0.026656 0.029656
0 0.656172 0.407430 0.029219 0.038547
0 0.503516 0.849102 0.026719 0.026516
0 0.939727 0.712469 0.026047 0.029031
0 0.511164 0.981773 0.034109 0.036203
0 0.665906 0.658977 0.026625 0.026734
0 0.707430 0.304250 0.025734 0.026375
0 0.730008 0.629961 0.025859 0.025922
0 0.653000 0.123789 0.027500 0.030609
0 0.735508 0.734430 0.026172 0.028953
0 0.445086 0.365922 0.028016 0.030406
0 0.430250 0.099727 0.026531 0.029891
0 0.504312 0.101672 0.031000 0.036906
0 0.872867 0.506203 0.026234 0.025375
0 0.965953 0.948430 0.024969 0.029391
0 0.445844 0.695992 0.026406 0.030016
0 0.890453 0.798492 0.027594 0.027641
0 0.967367 0.903008 0.024703 0.027516
0 0.653336 0.175898 0.026328 0.029672
0 0.654930 0.015875 0.029703 0.029531
0 0.877695 0.697094 0.028328 0.031187
0 0.959703 0.854953 0.026125 0.026031
0 0.920297 0.035875 0.026625 0.027375
0 0.874805 0.606469 0.029141 0.028437
0 0.450695 0.422438 0.028422 0.033156
0 0.926977 0.428047 0.025484 0.025219
0 0.671945 0.769727 0.027266 0.027641
0 0.741852 0.989766 0.039734 0.019281
0 0.658391 0.566797 0.028156 0.030719
0 0.445367 0.593031 0.029047 0.032313
0 0.432430 0.190703 0.026266 0.026188
0 0.448906 0.644109 0.029219 0.028219
0 0.869836 0.416586 0.035484 0.033359
0 0.866250 0.024305 0.031031 0.028984
0 0.443328 0.737477 0.027031 0.029328
0 0.507477 0.013867 0.032828 0.027422
0 0.452367 0.474203 0.035453 0.039656
0 0.672141 0.816352 0.031156 0.034766
0 0.923703 0.174445 0.023531 0.026078
