0 0.299766 0.377664 0.043156 0.040828
0 0.468102 0.175148 0.042484 0.043984
0 0.378531 0.435953 0.039344 0.044344
0 0.048055 0.030523 0.046984 0.057203
0 0.386367 0.186133 0.038109 0.041734
0 0.164437 0.268195 0.048000 0.061703
0 0.042219 0.399625 0.041656 0.047469
0 0.236305 0.073289 0.038078 0.045641
0 0.458523 0.236203 0.038141 0.044250
0 0.346805 0.375078 0.037109 0.039563
0 0.130898 0.022336 0.035953 0.042891
0 0.697297 0.026500 0.042781 0.049313
0 0.243430 0.445023 0.036891 0.044016
0 0.126578 0.393937 0.041563 0.047375
0 0.112141 0.451289 0.036969 0.039984
0 0.122305 0.274180 0.034828 0.046172
0 0.375094 0.244211 0.042781 0.049797
0 0.250102 0.260305 0.038766 0.047109
0 0.296297 0.249070 0.040469 0.051797
0 0.491187 0.043805 0.042375 0.049578
0 0.090102 0.024906 0.038172 0.047781
0 0.024945 0.460969 0.034734 0.042188
0 0.113437 0.084375 0.035250 0.043312
0 0.427750 0.181734 0.045219 0.054250
0 0.072047 0.089258 0.035031 0.039891
0 0.397391 0.366047 0.040062 0.044281
0 0.016156 0.219953 0.032125 0.049906
0 0.613227 0.030195 0.041234 0.049078
0 0.347891 0.187953 0.031000 0.038406
0 0.306063 0.190148 0.039500 0.042516
0 0.655898 0.029500 0.037203 0.045438
0 0.170617 0.019688 0.036016 0.039375
0 0.193461 0.075492 0.037391 0.043516
0 0.084375 0.395016 0.030656 0.040938
0 0.171148 0.391297 0.039359 0.044375
0 0.209187 0.268594 0.042000 0.051125
0 0.369195 0.059000 0.035828 0.044938
0 0.285219 0.068750 0.037094 0.044094
0 0.416117 0.239492 0.038359 0.047016
0 0.328945 0.438727 0.035984 0.038609
0 0.078602 0.279992 0.039266 0.049547
0 0.450500 0.045273 0.032781 0.037891
0 0.053828 0.218414 0.039063 0.052359
0 0.252320 0.383063 0.032828 0.035344
0 0.294438 0.016297 0.039531 0.032156
0 0.284227 0.441367 0.037297 0.041141
0 0.325641 0.065078 0.034031 0.037906
0 0.211625 0.017531 0.037219 0.034625
0 0.033633 0.095805 0.032984 0.041047
0 0.199703 0.447680 0.033937 0.038828
0 0.092664 0.214070 0.035047 0.041391
0 0.157406 0.451625 0.036656 0.037688
0 0.532648 0.037258 0.032203 0.035766
0 0.068461 0.454203 0.034234 0.036156
0 0.256297 0.017492 0.037594 0.034641
0 0.036797 0.279188 0.032219 0.042750
0 0.569773 0.035070 0.025703 0.029234
0 0.337047 0.244914 0.029656 0.037047
0 0.385398 0.012758 0.036578 0.025297
0 0.155969 0.078187 0.032719 0.037937
0 0.185977 0.203391 0.036172 0.039812
0 0.218633 0.385641 0.025453 0.031156
0 0.008547 0.404336 0.017094 0.041141
0 0.133859 0.208922 0.033156 0.038688
0 0.008547 0.277070 0.017094 0.043766
0 0.010648 0.035258 0.021297 0.046047
0 0.221773 0.199359 0.034797 0.038812
0 0.268602 0.194672 0.030766 0.028094
0 0.409109 0.049828 0.029438 0.023406
