0 0.228523 0.934930 0.036641 0.035203
0 0.261305 0.646695 0.034984 0.033266
0 0.316297 0.194937 0.038156 0.035219
0 0.391984 0.074219 0.036531 0.034062
0 0.326055 0.525523 0.032641 0.033828
0 0.312773 0.677539 0.033578 0.031672
0 0.274477 0.546734 0.033266 0.032375
0 0.251758 0.695781 0.033141 0.032062
0 0.072945 0.965969 0.030672 0.029750
0 0.244578 0.746734 0.031156 0.030531
0 0.112562 0.553180 0.032125 0.029078
0 0.088672 0.832672 0.030250 0.027937
0 0.113398 0.210570 0.030953 0.032016
0 0.084906 0.871797 0.028406 0.027531
0 0.239172 0.790266 0.030938 0.032219
0 0.361539 0.223648 0.032047 0.031328
0 0.285430 0.914445 0.030984 0.029109
0 0.291516 0.396453 0.030219 0.031250
0 0.069914 0.440523 0.030547 0.030047
0 0.053344 0.711398 0.027781 0.030578
0 0.287375 0.867891 0.032469 0.033844
0 0.115023 0.513367 0.029703 0.027734
0 0.310305 0.247867 0.031953 0.030547
0 0.098461 0.308805 0.030547 0.029516
0 0.230125 0.889555 0.025687 0.028766
0 0.070672 0.486828 0.026719 0.028969
0 0.094664 0.784164 0.030672 0.029797
0 0.122742 0.466156 0.028016 0.027406
0 0.342898 0.045852 0.031859 0.031078
0 0.184508 0.049195 0.029422 0.030047
0 0.300031 0.345336 0.030688 0.032609
0 0.040227 0.845414 0.026766 0.027828
0 0.338859 0.091961 0.032688 0.034766
0 0.292648 0.820938 0.024766 0.027531
0 0.147937 0.290688 0.027563 0.028250
0 0.129227 0.423906 0.027328 0.028469
0 0.314609 0.625844 0.030063 0.028906
0 0.384078 0.126609 0.035969 0.032187
0 0.373055 0.175242 0.030297 0.028391
0 0.280469 0.962453 0.027000 0.029125
0 0.120547 0.113742 0.029125 0.027578
0 0.141055 0.332367 0.028422 0.028703
0 0.104094 0.688359 0.026000 0.028531
0 0.077211 0.923063 0.027328 0.027375
0 0.339648 0.425203 0.030516 0.030969
0 0.109047 0.601000 0.031187 0.031531
0 0.335508 0.473156 0.031859 0.029719
0 0.168313 0.146117 0.027563 0.028016
0 0.104141 0.646039 0.025750 0.027891
0 0.118766 0.164461 0.025906 0.028516
0 0.358063 0.328797 0.031313 0.032938
0 0.127461 0.062516 0.031453 0.031813
0 0.043102 0.801852 0.029016 0.031297
0 0.353555 0.378945 0.029422 0.028672
0 0.024719 0.940398 0.029500 0.028484
0 0.164125 0.193969 0.029094 0.028000
0 0.357781 0.275852 0.028812 0.031734
0 0.095602 0.738375 0.027109 0.025938
0 0.225422 0.982273 0.029687 0.027297
0 0.265719 0.596828 0.028125 0.028563
0 0.134156 0.380047 0.026406 0.026625
0 0.047852 0.757531 0.026984 0.025125
0 0.089156 0.350969 0.027875 0.029062
0 0.324984 0.577930 0.028719 0.027484
0 0.058148 0.573945 0.024609 0.027734
0 0.306313 0.296664 0.028281 0.028891
0 0.032555 0.891508 0.025922 0.027359
0 0.284391 0.444125 0.029937 0.027969
0 0.305266 0.727859 0.026562 0.029031
0 0.235523 0.841375 0.027984 0.027750
0 0.298914 0.776828 0.026422 0.027125
0 0.107289 0.259313 0.026109 0.030000
0 0.080273 0.396969 0.026141 0.029500
0 0.279414 0.493016 0.026453 0.025844
0 0.157484 0.242484 0.026937 0.028062
0 0.331844 0.141648 0.029500 0.027859
0 0.066562 0.530828 0.026500 0.027500
0 0.176828 0.093797 0.028938 0.027031
0 0.054148 0.621430 0.027109 0.028922
0 0.052555 0.666250 0.023703 0.026719
0 0.397203 0.024406 0.032531 0.031500
0 0.132773 0.021539 0.026172 0.025641
0 0.020344 0.986852 0.026594 0.025984
0 0.006273 0.093000 0.012547 0.033281
