0 0.428805 0.480219 0.025078 0.037625
0 0.385375 0.477531 0.036719 0.032250
0 0.362977 0.531273 0.027766 0.035828
0 0.233102 0.473953 0.027766 0.032250
0 0.253703 0.531273 0.034938 0.042984
0 0.725719 0.542914 0.024187 0.032234
0 0.800953 0.535758 0.024188 0.030453
0 0.909328 0.679953 0.029562 0.035813
0 0.727961 0.730109 0.026859 0.034031
0 0.747664 0.675930 0.030453 0.027766
0 0.554203 0.675477 0.023281 0.035828
0 0.431492 0.675922 0.025078 0.033125
0 0.320883 0.679055 0.025984 0.025078
0 0.211156 0.684891 0.037625 0.029594
0 0.079055 0.738172 0.029547 0.034031
0 0.056656 0.676812 0.031344 0.024187
0 0.634813 0.939242 0.026875 0.033141
0 0.020383 0.683531 0.035828 0.028656
0 0.036062 0.886406 0.031344 0.040313
0 0.979641 0.896703 0.026875 0.035813
0 0.883805 0.960742 0.034047 0.051047
0 0.322805 0.885891 0.038266 0.040594
0 0.420687 0.286062 0.045812 0.051437
0 0.394445 0.684227 0.039609 0.043828
0 0.821930 0.147844 0.042484 0.047438
0 0.645609 0.147859 0.040062 0.042437
0 0.735195 0.150125 0.041891 0.050562
0 0.443586 0.147961 0.037016 0.042047
0 0.436375 0.937445 0.044687 0.046078
0 0.690602 0.148914 0.037266 0.044359
0 0.132914 0.537336 0.044453 0.050797
0 0.069164 0.887305 0.040391 0.046141
0 0.239336 0.885117 0.040203 0.044422
0 0.644062 0.345555 0.038438 0.039797
0 0.778148 0.144039 0.041641 0.052484
0 0.701750 0.474703 0.036500 0.040219
0 0.685180 0.346609 0.041484 0.053719
0 0.369469 0.887539 0.038719 0.039703
0 0.235133 0.147719 0.044828 0.048281
0 0.217305 0.286867 0.040391 0.049422
0 0.401125 0.148133 0.037500 0.045766
0 0.584945 0.283078 0.036484 0.049687
0 0.073680 0.336125 0.038891 0.045125
0 0.195500 0.884477 0.036031 0.037891
0 0.813461 0.948406 0.037578 0.045656
0 0.747578 0.474047 0.038250 0.044531
0 0.600578 0.147719 0.034406 0.041406
0 0.112289 0.475039 0.037422 0.044797
0 0.598141 0.938930 0.038219 0.038984
0 0.090266 0.094758 0.040313 0.046516
0 0.450844 0.886609 0.035687 0.037125
0 0.278344 0.150445 0.036406 0.044172
0 0.386984 0.939750 0.037656 0.042625
0 0.588531 0.676070 0.036094 0.042734
0 0.842023 0.095125 0.038984 0.039312
0 0.959977 0.093828 0.035422 0.042656
0 0.581359 0.888258 0.037844 0.039391
0 0.112195 0.885430 0.033609 0.036297
0 0.130383 0.936320 0.039141 0.048609
0 0.524633 0.148789 0.034328 0.039484
0 0.831383 0.681227 0.038891 0.039922
0 0.119914 0.737063 0.037797 0.040750
0 0.642023 0.736016 0.040797 0.048750
0 0.322711 0.147367 0.034891 0.042484
0 0.282727 0.884102 0.034266 0.043359
0 0.302711 0.934437 0.040703 0.049500
0 0.712828 0.092859 0.038563 0.043625
0 0.750953 0.889367 0.039813 0.041484
0 0.567820 0.735812 0.034391 0.043375
0 0.171070 0.093562 0.039578 0.043219
0 0.410664 0.887734 0.034016 0.036063
0 0.173945 0.537461 0.032734 0.043672
0 0.050586 0.097672 0.032141 0.036500
0 0.932937 0.338922 0.037656 0.041375
0 0.767266 0.731461 0.038719 0.045266
0 0.887547 0.734156 0.033594 0.038625
0 0.522008 0.538555 0.038672 0.041516
0 0.088367 0.938258 0.032266 0.039547
0 0.059703 0.535406 0.031281 0.043219
0 0.781320 0.284461 0.035984 0.041172
0 0.661977 0.886812 0.037953 0.042344
0 0.522227 0.339703 0.034453 0.039594
0 0.479281 0.936727 0.032937 0.044203
0 0.555922 0.939656 0.037500 0.042750
0 0.191984 0.147148 0.040063 0.046453
0 0.863648 0.146156 0.031109 0.036000
0 0.846328 0.733641 0.035969 0.041125
0 0.376898 0.281617 0.034984 0.041422
0 0.418977 0.734242 0.036016 0.042891
0 0.972547 0.737328 0.033719 0.037125
0 0.339727 0.736547 0.035828 0.047500
0 0.537750 0.888258 0.033594 0.035547
0 0.488836 0.735781 0.038766 0.042750
0 0.603602 0.736328 0.031266 0.040312
0 0.875516 0.538539 0.031844 0.039672
0 0.833375 0.895781 0.041062 0.050250
0 0.266359 0.735836 0.032156 0.041453
0 0.561523 0.146297 0.031828 0.038969
0 0.920719 0.092078 0.036812 0.041844
0 0.178602 0.942336 0.038516 0.043797
0 0.826781 0.285508 0.033687 0.036672
0 0.355023 0.684266 0.030984 0.037438
0 0.515008 0.935922 0.034109 0.043313
0 0.074828 0.141469 0.033125 0.032781
0 0.289516 0.539773 0.035906 0.042328
0 0.625430 0.286352 0.033422 0.039578
0 0.953352 0.544195 0.039203 0.045391
0 0.037234 0.735531 0.032219 0.036531
0 0.495586 0.887742 0.034297 0.033516
0 0.512195 0.674094 0.031828 0.039906
0 0.937727 0.142461 0.035047 0.040516
0 0.040047 0.472937 0.031562 0.039156
0 0.686297 0.943055 0.042750 0.047641
0 0.331086 0.538711 0.034141 0.039703
0 0.799195 0.340414 0.030703 0.031609
0 0.480141 0.339313 0.036406 0.038719
0 0.664875 0.677445 0.038031 0.042297
0 0.954211 0.967625 0.034797 0.054250
0 0.151305 0.887180 0.033266 0.037141
0 0.288273 0.683711 0.034703 0.040391
0 0.941750 0.899602 0.030031 0.037297
0 0.627008 0.093633 0.036578 0.041797
0 0.095312 0.535883 0.030969 0.045391
0 0.176844 0.284656 0.038250 0.048531
0 0.669641 0.090898 0.034219 0.038828
0 0.875281 0.682789 0.034406 0.037922
0 0.707727 0.677023 0.039641 0.044391
0 0.637750 0.536344 0.034250 0.037469
0 0.051492 0.941305 0.034516 0.039516
0 0.302633 0.285086 0.034516 0.039859
0 0.704906 0.888062 0.030781 0.034500
0 0.986750 0.685891 0.026406 0.040781
0 0.171094 0.680539 0.031781 0.038984
0 0.902961 0.898234 0.036734 0.043656
0 0.061523 0.274852 0.040672 0.044484
0 0.621391 0.888891 0.029906 0.031531
0 0.469664 0.676211 0.037297 0.045547
0 0.249953 0.682156 0.032000 0.039000
0 0.934461 0.477227 0.034453 0.035297
0 0.762852 0.343047 0.030766 0.036094
0 0.156625 0.734742 0.028937 0.041484
0 0.400312 0.535430 0.032906 0.040359
0 0.839742 0.537945 0.032359 0.041109
0 0.771039 0.943711 0.034734 0.038516
0 0.687867 0.733828 0.030266 0.035625
0 0.845047 0.476719 0.036562 0.037406
0 0.922336 0.960023 0.033234 0.044984
0 0.358672 0.341586 0.031438 0.034141
0 0.597180 0.344219 0.035047 0.041594
0 0.667898 0.289250 0.032797 0.040813
0 0.437555 0.341453 0.032547 0.034656
0 0.273688 0.477805 0.035688 0.036953
0 0.545289 0.286438 0.036109 0.041688
0 0.132898 0.680680 0.033984 0.038766
0 0.888695 0.342203 0.034484 0.036844
0 0.914883 0.279273 0.042578 0.049203
0 0.460586 0.090984 0.034141 0.032062
0 0.397344 0.341133 0.034156 0.037703
0 0.724437 0.941047 0.033563 0.044250
0 0.220047 0.937344 0.031469 0.038750
0 0.502094 0.478188 0.033531 0.034969
0 0.346375 0.091320 0.033281 0.036891
0 0.192484 0.736094 0.033781 0.042906
0 0.930805 0.738789 0.034172 0.036078
0 0.021242 0.538328 0.037922 0.044281
0 0.955039 0.280109 0.027734 0.031219
0 0.806898 0.731906 0.032391 0.038594
0 0.117797 0.328844 0.028906 0.035281
0 0.794562 0.889297 0.026938 0.032656
0 0.378008 0.735359 0.028297 0.035062
0 0.458469 0.478414 0.032562 0.036234
0 0.199742 0.473742 0.035328 0.045859
0 0.351109 0.476203 0.032281 0.036000
0 0.901875 0.145391 0.031187 0.034844
0 0.852203 0.951148 0.036219 0.042766
0 0.564195 0.538406 0.029609 0.033125
0 0.361766 0.145359 0.030656 0.036625
0 0.766281 0.538312 0.030563 0.036937
0 0.728578 0.341734 0.028625 0.031906
0 0.077000 0.472188 0.026594 0.036000
0 0.557195 0.338648 0.025172 0.032547
0 0.303992 0.735195 0.031359 0.046859
0 0.016258 0.938414 0.030578 0.039078
0 0.787914 0.679797 0.032766 0.034031
0 0.658375 0.477352 0.032000 0.035203
0 0.344242 0.939875 0.033766 0.040938
0 0.912648 0.540305 0.029984 0.031953
0 0.625883 0.679484 0.031078 0.038063
0 0.317031 0.341555 0.032375 0.036016
0 0.600531 0.535937 0.029500 0.032875
0 0.094047 0.679508 0.031531 0.033953
0 0.583930 0.091836 0.032234 0.032141
0 0.380734 0.091016 0.024656 0.025969
0 0.540781 0.479375 0.030000 0.034719
0 0.483141 0.148055 0.027438 0.032078
0 0.883031 0.092023 0.027187 0.028484
0 0.315617 0.478172 0.030547 0.034188
0 0.704688 0.282656 0.027094 0.030469
0 0.973297 0.475055 0.029000 0.032922
0 0.009906 0.473656 0.019813 0.043125
0 0.014250 0.094047 0.027500 0.032781
0 0.260711 0.282391 0.032672 0.039750
0 0.790328 0.477703 0.030250 0.034594
0 0.947352 0.684328 0.027453 0.027969
0 0.480430 0.536969 0.027891 0.036281
0 0.033117 0.142750 0.029266 0.029312
0 0.452414 0.728828 0.029109 0.036125
0 0.014594 0.280906 0.028906 0.049500
0 0.232117 0.737969 0.026047 0.034750
0 0.841078 0.340445 0.031125 0.033984
0 0.256484 0.089156 0.032969 0.038000
0 0.103273 0.278047 0.033391 0.038062
0 0.118828 0.139773 0.025531 0.028953
0 0.797414 0.091109 0.030891 0.029594
0 0.530789 0.735734 0.034828 0.040125
0 0.890531 0.480594 0.028969 0.030187
0 0.133273 0.091633 0.026766 0.032141
0 0.872781 0.286336 0.041875 0.053797
0 0.301172 0.089258 0.031344 0.038516
0 0.415367 0.091508 0.035828 0.035828
0 0.499563 0.092398 0.037625 0.037609
0 0.755281 0.087914 0.036719 0.025078
0 0.976508 0.144789 0.034922 0.038516
0 0.152047 0.151063 0.026875 0.034937
0 0.141750 0.279141 0.029563 0.025969
0 0.150258 0.327953 0.023297 0.034031
0 0.198625 0.329297 0.028656 0.020594
0 0.234898 0.336469 0.025984 0.029563
0 0.278336 0.339156 0.032234 0.034938
0 0.464188 0.283617 0.033125 0.027766
0 0.742289 0.281836 0.032234 0.033141
0 0.987578 0.278695 0.024844 0.042984
0 0.970688 0.342711 0.023281 0.018859
0 0.582859 0.474398 0.023281 0.022391
0 0.623164 0.477539 0.030453 0.014328
0 0.442250 0.533062 0.039406 0.034031
