0 0.228289 0.135109 0.037484 0.035562
0 0.211828 0.746781 0.035219 0.033969
0 0.163391 0.772523 0.030937 0.031547
0 0.073188 0.165969 0.031094 0.029469
0 0.277242 0.209430 0.032609 0.032547
0 0.165211 0.864883 0.031297 0.029797
0 0.213789 0.335133 0.033141 0.032359
0 0.189250 0.527891 0.031969 0.029750
0 0.088789 0.032625 0.030766 0.028906
0 0.214688 0.797164 0.030219 0.030109
0 0.251523 0.454477 0.032359 0.029641
0 0.225328 0.236852 0.031937 0.029797
0 0.047891 0.488687 0.028594 0.030875
0 0.085055 0.072094 0.029016 0.027969
0 0.285570 0.114555 0.031391 0.029297
0 0.221195 0.651867 0.028266 0.029234
0 0.195773 0.476898 0.031797 0.030109
0 0.217563 0.841062 0.028281 0.029500
0 0.048648 0.439797 0.028953 0.029469
0 0.161859 0.961742 0.032094 0.030453
0 0.067766 0.211531 0.025469 0.031188
0 0.225109 0.183789 0.032281 0.030453
0 0.230063 0.089711 0.026281 0.028922
0 0.218836 0.283227 0.031078 0.030453
0 0.180125 0.624531 0.028812 0.030250
0 0.215477 0.696023 0.028984 0.030203
0 0.287453 0.068086 0.033125 0.034484
0 0.231930 0.598539 0.028672 0.029984
0 0.044477 0.540766 0.028391 0.028281
0 0.020625 0.774820 0.028438 0.031422
0 0.186703 0.572398 0.031812 0.030391
0 0.216906 0.890437 0.026469 0.028438
0 0.272969 0.311906 0.025875 0.027219
0 0.166133 0.720070 0.028422 0.028391
0 0.207828 0.936570 0.028094 0.029078
0 0.040117 0.583539 0.027141 0.028891
0 0.077313 0.123156 0.027750 0.027563
0 0.040258 0.045531 0.027016 0.028156
0 0.280500 0.162453 0.027469 0.028938
0 0.246016 0.508695 0.025719 0.027266
0 0.242992 0.554461 0.026797 0.028266
0 0.266352 0.361211 0.026828 0.031484
0 0.059664 0.303039 0.027453 0.026859
0 0.277469 0.257156 0.026500 0.029375
0 0.064852 0.262773 0.028234 0.026266
0 0.172125 0.667797 0.028188 0.027500
0 0.053172 0.350445 0.030375 0.028172
0 0.033523 0.631930 0.027234 0.027391
0 0.024828 0.140359 0.029969 0.028563
0 0.203586 0.431969 0.025359 0.026187
0 0.166266 0.909531 0.026906 0.028594
0 0.032867 0.680594 0.026828 0.027750
0 0.161969 0.816383 0.026344 0.026609
0 0.205109 0.384055 0.026031 0.026891
0 0.020344 0.189141 0.027813 0.029250
0 0.261461 0.409789 0.025547 0.027516
0 0.203828 0.985813 0.030375 0.028219
0 0.032539 0.091547 0.026078 0.027562
0 0.027062 0.728867 0.027062 0.031078
0 0.292453 0.021797 0.025625 0.027344
0 0.049984 0.396484 0.025156 0.025844
0 0.235758 0.041430 0.028547 0.027766
0 0.015359 0.230664 0.024469 0.025922
0 0.009328 0.911734 0.018656 0.033719
0 0.007797 0.965234 0.015594 0.033719
0 0.010711 0.868641 0.021422 0.034250
0 0.007859 0.370555 0.015719 0.031484
0 0.010781 0.322891 0.021563 0.032969
