0 0.288031 0.978008 0.048500 0.043984
0 0.373789 0.985797 0.045047 0.028406
0 0.138164 0.093641 0.064109 0.058031
0 0.231719 0.105773 0.046781 0.066703
0 0.362102 0.116164 0.051109 0.058047
0 0.022945 0.244367 0.045047 0.066703
0 0.129500 0.233977 0.071031 0.058047
0 0.232148 0.249562 0.051109 0.056313
0 0.345203 0.243938 0.057187 0.048500
0 0.020781 0.362180 0.040719 0.061516
0 0.122141 0.362617 0.063250 0.057172
0 0.227391 0.366945 0.060625 0.046766
0 0.338273 0.369977 0.072766 0.058047
0 0.127336 0.483453 0.061516 0.052844
0 0.225656 0.482156 0.046781 0.050250
0 0.317484 0.481297 0.065844 0.050250
0 0.113039 0.598672 0.069297 0.045906
0 0.218297 0.607766 0.047656 0.055437
0 0.300594 0.613406 0.045906 0.049375
0 0.103516 0.727750 0.069313 0.059781
0 0.207031 0.742906 0.040719 0.062375
0 0.280672 0.740742 0.040719 0.054578
0 0.097445 0.849461 0.060641 0.045047
0 0.199672 0.856820 0.039844 0.061516
0 0.263773 0.866781 0.039859 0.046781
0 0.028367 0.117023 0.056734 0.066703
0 0.084891 0.965445 0.068438 0.069109
0 0.194039 0.970641 0.052828 0.058719
