0 0.135945 0.710984 0.058641 0.049906
0 0.204773 0.160375 0.042578 0.038125
0 0.118156 0.419242 0.050500 0.045891
0 0.516820 0.598758 0.042516 0.040328
0 0.629477 0.135758 0.045922 0.043984
0 0.062828 0.783844 0.057594 0.054781
0 0.565031 0.623453 0.046375 0.045594
0 0.340016 0.671953 0.042562 0.042938
0 0.946344 0.236695 0.043125 0.040797
0 0.633078 0.084523 0.040688 0.039703
0 0.767289 0.643445 0.041141 0.037828
0 0.123734 0.769156 0.053531 0.054312
0 0.144484 0.658445 0.047625 0.044359
0 0.960344 0.148047 0.039656 0.037500
0 0.369672 0.083617 0.041094 0.037578
0 0.420258 0.162242 0.051078 0.044891
0 0.171359 0.450734 0.049469 0.051500
0 0.494125 0.732242 0.040563 0.038453
0 0.107156 0.930461 0.049187 0.052828
0 0.820187 0.222258 0.044187 0.037797
0 0.587773 0.447266 0.034516 0.037594
0 0.771773 0.598227 0.038328 0.036453
0 0.052547 0.887336 0.041313 0.039609
0 0.508148 0.647180 0.036953 0.038953
0 0.806477 0.347336 0.040078 0.035484
0 0.750602 0.324648 0.042484 0.040109
0 0.598289 0.359891 0.047297 0.044531
0 0.386813 0.371734 0.035125 0.036406
0 0.526703 0.509320 0.039594 0.038891
0 0.211008 0.112977 0.045547 0.044141
0 0.846211 0.019609 0.041516 0.038125
0 0.139461 0.174453 0.053266 0.047125
0 0.697852 0.699898 0.040297 0.040266
0 0.140133 0.224141 0.041359 0.036656
0 0.528703 0.854258 0.047562 0.044422
0 0.350781 0.617906 0.042969 0.044344
0 0.891711 0.646328 0.041391 0.039469
0 0.122406 0.365867 0.055969 0.050734
0 0.196078 0.205625 0.042312 0.037687
0 0.900617 0.560930 0.035672 0.034297
0 0.102227 0.514547 0.052672 0.051688
0 0.409562 0.211648 0.042313 0.039078
0 0.326344 0.769602 0.036094 0.038359
0 0.134937 0.270672 0.036719 0.039531
0 0.217539 0.061727 0.037672 0.035672
0 0.550641 0.333422 0.033000 0.035812
0 0.402648 0.260859 0.039078 0.038719
0 0.250922 0.872406 0.033656 0.036500
0 0.092688 0.573820 0.036156 0.034859
0 0.864977 0.821422 0.044453 0.038312
0 0.721289 0.536750 0.051453 0.041562
0 0.161203 0.030758 0.042781 0.041859
0 0.068039 0.728938 0.043953 0.043063
0 0.574367 0.159570 0.033078 0.031297
0 0.762109 0.687602 0.033031 0.033547
0 0.880758 0.688375 0.046922 0.040188
0 0.548289 0.761211 0.035578 0.034109
0 0.971281 0.100523 0.034250 0.036578
0 0.587023 0.495477 0.044703 0.039453
0 0.217984 0.016148 0.036156 0.031703
0 0.616563 0.225789 0.040125 0.038109
0 0.176633 0.348211 0.043422 0.038797
0 0.763875 0.208461 0.046063 0.043297
0 0.913109 0.470078 0.034812 0.036781
0 0.148039 0.605391 0.042266 0.041844
0 0.191883 0.252516 0.041547 0.040031
0 0.149938 0.550367 0.044125 0.043516
0 0.428203 0.111125 0.038063 0.034813
0 0.147570 0.126016 0.050891 0.046688
0 0.677742 0.822422 0.037703 0.034313
0 0.955352 0.191508 0.041359 0.036703
0 0.622227 0.181477 0.041984 0.037797
0 0.766211 0.163633 0.043328 0.037047
0 0.571180 0.200805 0.035922 0.033484
0 0.870977 0.734563 0.038766 0.034563
0 0.800680 0.436289 0.039266 0.032766
0 0.912453 0.902000 0.049594 0.046813
0 0.348617 0.230484 0.039078 0.038406
0 0.960820 0.545555 0.037172 0.034453
0 0.433531 0.071289 0.036813 0.030609
0 0.581648 0.111664 0.037109 0.035047
0 0.982641 0.410258 0.034062 0.037234
0 0.533328 0.461859 0.040437 0.034844
0 0.709641 0.614445 0.044406 0.039922
0 0.083227 0.678070 0.044891 0.042734
0 0.952914 0.590109 0.046016 0.042094
0 0.283805 0.638672 0.041484 0.040219
0 0.854359 0.909469 0.038344 0.032531
0 0.674039 0.866266 0.037891 0.039687
0 0.969164 0.498008 0.036328 0.035828
0 0.117875 0.828398 0.039906 0.038609
0 0.472734 0.857711 0.030750 0.032859
0 0.778094 0.084641 0.040406 0.037469
0 0.356977 0.175398 0.036172 0.037641
0 0.056930 0.839219 0.043516 0.040813
0 0.849516 0.951492 0.032125 0.032047
0 0.856883 0.862930 0.059109 0.048641
0 0.780977 0.519008 0.038141 0.034047
0 0.302641 0.914203 0.036875 0.034437
0 0.153656 0.079484 0.045250 0.042156
0 0.437031 0.028555 0.036250 0.031516
0 0.260375 0.823078 0.031844 0.030781
0 0.974828 0.451164 0.034875 0.033484
0 0.897141 0.602437 0.036125 0.029906
0 0.728063 0.885336 0.033625 0.033359
0 0.090828 0.623961 0.036062 0.037016
0 0.171516 0.398187 0.034688 0.034969
0 0.817016 0.265437 0.037719 0.037125
0 0.836930 0.102742 0.037828 0.030672
0 0.184227 0.305477 0.039484 0.040766
0 0.274484 0.773523 0.030812 0.033234
0 0.907547 0.515203 0.035313 0.036094
0 0.565422 0.243758 0.035562 0.035453
0 0.518156 0.553477 0.034281 0.031516
0 0.937125 0.721234 0.035406 0.032594
0 0.559719 0.287875 0.031656 0.032125
0 0.734539 0.846562 0.035703 0.031562
0 0.535281 0.804031 0.038000 0.039031
0 0.357125 0.569461 0.030844 0.034203
0 0.114453 0.877672 0.039594 0.032625
0 0.754156 0.282180 0.027438 0.025578
0 0.972695 0.052195 0.041109 0.034547
0 0.043477 0.937187 0.041234 0.042375
0 0.949469 0.632977 0.038125 0.031922
0 0.278766 0.683586 0.034500 0.032766
0 0.297297 0.537766 0.036906 0.034687
0 0.525547 0.901812 0.044969 0.038719
0 0.659820 0.953000 0.037734 0.033531
0 0.844562 0.061789 0.033875 0.032578
0 0.737141 0.456445 0.049000 0.042703
0 0.610383 0.271602 0.030328 0.028641
0 0.334250 0.721555 0.031750 0.032578
0 0.922242 0.375320 0.031766 0.030453
0 0.295727 0.965070 0.040234 0.038484
0 0.944477 0.673703 0.036391 0.038312
0 0.773453 0.123641 0.028750 0.027937
0 0.900188 0.981055 0.033531 0.033047
0 0.609563 0.312906 0.040156 0.035188
0 0.582523 0.066375 0.031641 0.028594
0 0.323500 0.382266 0.034250 0.034063
0 0.692539 0.740414 0.037359 0.032078
0 0.332336 0.332555 0.031922 0.031891
0 0.642766 0.040109 0.035250 0.034781
0 0.985984 0.358984 0.028031 0.040937
0 0.746508 0.365781 0.026703 0.026156
0 0.921133 0.852375 0.033047 0.033594
0 0.576219 0.537477 0.035031 0.034422
0 0.748523 0.768031 0.038422 0.034031
0 0.782602 0.038875 0.044797 0.041750
0 0.986648 0.311625 0.026672 0.040375
0 0.787125 0.481563 0.032594 0.032156
0 0.742719 0.804961 0.034063 0.030078
0 0.291609 0.587586 0.033719 0.032453
0 0.745508 0.411992 0.032453 0.031234
0 0.035914 0.981758 0.043703 0.034953
0 0.935539 0.761734 0.034016 0.032375
0 0.237969 0.977641 0.029969 0.030844
0 0.549391 0.723844 0.030656 0.029500
0 0.129445 0.314273 0.030078 0.033047
0 0.483578 0.814430 0.031750 0.032641
0 0.755422 0.247266 0.030938 0.030625
0 0.771703 0.556719 0.027344 0.023344
0 0.463383 0.901727 0.031391 0.032453
0 0.684766 0.783367 0.033219 0.031016
0 0.248180 0.927273 0.032578 0.029516
0 0.808484 0.304383 0.035062 0.030016
0 0.594094 0.402688 0.025187 0.028594
0 0.755969 0.728219 0.032062 0.029500
0 0.377180 0.427953 0.035016 0.039719
0 0.371031 0.476172 0.028375 0.031813
0 0.096437 0.980773 0.044687 0.036953
0 0.672359 0.907672 0.025875 0.025656
0 0.545453 0.380820 0.037625 0.032359
0 0.722430 0.926586 0.038797 0.032828
0 0.801234 0.391000 0.035813 0.035188
0 0.705531 0.657773 0.030781 0.030266
0 0.313320 0.866383 0.027141 0.026109
0 0.536461 0.418086 0.037891 0.030578
0 0.364875 0.126844 0.032063 0.030594
0 0.843008 0.987578 0.039172 0.023094
0 0.488563 0.773289 0.028562 0.028859
0 0.907938 0.940438 0.037500 0.027844
0 0.979523 0.015445 0.039203 0.030422
0 0.369148 0.044852 0.030172 0.028766
0 0.276813 0.729133 0.032375 0.030453
0 0.712000 0.976484 0.031438 0.030875
0 0.834852 0.141555 0.048359 0.043078
0 0.510406 0.943336 0.040531 0.034828
0 0.729391 0.495820 0.036813 0.031297
0 0.013797 0.032852 0.026594 0.032453
0 0.939875 0.280258 0.026781 0.025984
0 0.312797 0.435617 0.030219 0.034016
0 0.399172 0.317336 0.036000 0.030078
0 0.110813 0.465898 0.030406 0.032172
0 0.921477 0.421852 0.033172 0.040109
0 0.930695 0.328820 0.026328 0.027734
0 0.011320 0.076773 0.022641 0.033547
0 0.588945 0.022875 0.029672 0.029656
0 0.830039 0.182055 0.052297 0.041359
0 0.352383 0.278852 0.034797 0.027859
0 0.655219 0.988031 0.043781 0.022125
0 0.450258 0.985469 0.027641 0.027937
0 0.506453 0.977383 0.035344 0.031484
0 0.718523 0.572969 0.023641 0.022969
