0 0.922578 0.160062 0.033156 0.045188
0 0.091969 0.684266 0.042281 0.046625
0 0.046172 0.684375 0.041125 0.043906
0 0.322820 0.085898 0.038203 0.040547
0 0.915188 0.884281 0.042969 0.046344
0 0.207320 0.736117 0.040391 0.045016
0 0.726148 0.349586 0.044609 0.047422
0 0.861992 0.298680 0.035672 0.037078
0 0.069148 0.087289 0.040109 0.045641
0 0.436195 0.137625 0.045297 0.046687
0 0.941422 0.685680 0.040500 0.044266
0 0.239344 0.085117 0.040062 0.044266
0 0.904047 0.299812 0.036719 0.040594
0 0.369523 0.087617 0.038797 0.039828
0 0.111633 0.297336 0.034734 0.042734
0 0.896359 0.683992 0.037656 0.039766
0 0.893219 0.938375 0.040938 0.041844
0 0.681953 0.348383 0.037656 0.044734
0 0.195523 0.084461 0.035859 0.037672
0 0.400211 0.547719 0.039109 0.048500
0 0.360320 0.549109 0.035891 0.040625
0 0.736445 0.885711 0.037547 0.038672
0 0.813461 0.148867 0.037828 0.046609
0 0.111609 0.736570 0.035687 0.039078
0 0.268883 0.297336 0.034953 0.038328
0 0.497789 0.686156 0.040141 0.043844
0 0.534156 0.939422 0.041281 0.043375
0 0.648836 0.488023 0.038109 0.042609
0 0.920898 0.551430 0.041141 0.045672
0 0.214172 0.350242 0.040188 0.048859
0 0.130344 0.136391 0.039031 0.048688
0 0.387508 0.291578 0.042109 0.048156
0 0.732711 0.489211 0.039422 0.039922
0 0.112195 0.085430 0.033484 0.036016
0 0.109883 0.560609 0.038484 0.047313
0 0.450820 0.086734 0.035734 0.037437
0 0.598148 0.139281 0.038609 0.039875
0 0.386937 0.140016 0.037937 0.043406
0 0.302695 0.134617 0.040703 0.049859
0 0.581367 0.088391 0.037984 0.039688
0 0.282750 0.084117 0.034156 0.043172
0 0.086141 0.502102 0.041813 0.048328
0 0.069992 0.559203 0.036203 0.043781
0 0.036773 0.945414 0.034766 0.041641
0 0.750898 0.089500 0.040047 0.041719
0 0.231750 0.298672 0.035094 0.042094
0 0.880461 0.344945 0.037734 0.044641
0 0.403945 0.684258 0.041703 0.045391
0 0.508813 0.883922 0.038969 0.039469
0 0.152742 0.296297 0.038109 0.046000
0 0.589078 0.291414 0.039438 0.050359
0 0.016391 0.348187 0.032750 0.048687
0 0.088375 0.138305 0.032250 0.039672
0 0.851539 0.936937 0.033516 0.036625
0 0.171578 0.356523 0.038719 0.045953
0 0.869797 0.881773 0.041812 0.046516
0 0.410711 0.087852 0.034078 0.036266
0 0.257648 0.548664 0.035734 0.047453
0 0.445664 0.345203 0.041078 0.049531
0 0.489578 0.933641 0.037500 0.039656
0 0.308336 0.296914 0.037109 0.041828
0 0.661922 0.086961 0.038125 0.042641
0 0.874805 0.740281 0.037859 0.041906
0 0.210352 0.502023 0.037578 0.044734
0 0.804258 0.344836 0.031609 0.039109
0 0.302922 0.938000 0.037062 0.039281
0 0.479219 0.136883 0.033375 0.044766
0 0.152953 0.552047 0.037688 0.041531
0 0.842477 0.346953 0.035078 0.043688
0 0.555883 0.139937 0.037922 0.043969
0 0.022859 0.733648 0.039219 0.041328
0 0.556609 0.887234 0.039313 0.044281
0 0.630000 0.549898 0.041844 0.044797
0 0.787648 0.298883 0.034359 0.037828
0 0.232148 0.675344 0.042484 0.057937
0 0.779750 0.493523 0.039844 0.045703
0 0.015453 0.894703 0.029563 0.036562
0 0.758734 0.940625 0.036375 0.043531
0 0.450242 0.684180 0.035922 0.039141
0 0.709320 0.550453 0.035047 0.044906
0 0.768789 0.344781 0.033734 0.043094
0 0.178555 0.142680 0.038734 0.044609
0 0.537766 0.088398 0.033656 0.035859
0 0.833383 0.096164 0.041328 0.049797
0 0.027250 0.560945 0.033406 0.043641
0 0.428586 0.288922 0.039891 0.053281
0 0.672187 0.548117 0.031438 0.040453
0 0.672406 0.689305 0.036219 0.038953
0 0.418328 0.496898 0.036250 0.041016
0 0.125828 0.939805 0.034469 0.036297
0 0.962078 0.739352 0.040031 0.042609
0 0.564133 0.347156 0.037766 0.043875
0 0.135234 0.683555 0.039500 0.043359
0 0.515008 0.136156 0.034547 0.044094
0 0.640492 0.344305 0.037484 0.044641
0 0.279844 0.891055 0.037750 0.038297
0 0.495625 0.087836 0.034500 0.033797
0 0.941727 0.937016 0.032141 0.045187
0 0.053930 0.894547 0.032516 0.037063
0 0.079633 0.943266 0.030641 0.038656
0 0.822164 0.884852 0.035797 0.035078
0 0.686070 0.143922 0.043609 0.049719
0 0.151297 0.087172 0.033156 0.036969
0 0.323430 0.882531 0.036859 0.046406
0 0.161836 0.739875 0.037234 0.039562
0 0.669016 0.298031 0.037219 0.040906
0 0.100531 0.894289 0.039219 0.041266
0 0.941727 0.099617 0.030172 0.037359
0 0.720555 0.940687 0.039266 0.044500
0 0.692617 0.886398 0.037922 0.035172
0 0.051492 0.141320 0.034484 0.039641
0 0.548281 0.293797 0.037750 0.042000
0 0.469211 0.290305 0.035797 0.042141
0 0.274859 0.676430 0.039187 0.051953
0 0.255031 0.348891 0.034312 0.037156
0 0.212773 0.938289 0.032266 0.032859
0 0.711766 0.296992 0.033750 0.035609
0 0.054719 0.350695 0.034469 0.043141
0 0.089539 0.352992 0.035266 0.050141
0 0.924242 0.346625 0.032359 0.040594
0 0.471625 0.549406 0.040656 0.047844
0 0.704898 0.088164 0.030922 0.034766
0 0.583141 0.937336 0.037969 0.051484
0 0.321180 0.554281 0.031109 0.039625
0 0.693094 0.738687 0.042938 0.051438
0 0.627227 0.296289 0.032516 0.035953
0 0.777570 0.888555 0.032953 0.038016
0 0.257102 0.735727 0.037828 0.044922
0 0.798633 0.938633 0.031422 0.039578
0 0.981953 0.685211 0.034687 0.038141
0 0.170695 0.502609 0.031953 0.036531
0 0.771070 0.144523 0.035453 0.040078
0 0.902945 0.098305 0.036859 0.043922
0 0.011422 0.684172 0.022844 0.043250
0 0.953773 0.166727 0.035297 0.056141
0 0.621398 0.088953 0.030047 0.031969
0 0.611125 0.490383 0.034125 0.038703
0 0.750297 0.297898 0.030406 0.035734
0 0.319992 0.683437 0.033422 0.037281
0 0.667359 0.622547 0.055625 0.069187
0 0.506859 0.290063 0.032594 0.034813
0 0.552445 0.546320 0.038016 0.045016
0 0.380523 0.740422 0.035734 0.038781
0 0.979039 0.492578 0.032391 0.035250
0 0.220031 0.137508 0.031406 0.039141
0 0.714656 0.689742 0.034656 0.038266
0 0.416242 0.891375 0.037016 0.034656
0 0.852156 0.151336 0.036437 0.043484
0 0.613961 0.733031 0.045109 0.054750
0 0.288320 0.551937 0.031578 0.042000
0 0.724383 0.141258 0.034297 0.045016
0 0.044875 0.504711 0.028125 0.032141
0 0.538594 0.686680 0.033531 0.041203
0 0.344914 0.737445 0.027016 0.031453
0 0.794555 0.089320 0.027016 0.032828
0 0.444789 0.939859 0.039234 0.044562
0 0.689680 0.494492 0.038141 0.043828
0 0.192773 0.294742 0.032797 0.039578
0 0.360227 0.683938 0.036734 0.042844
0 0.824938 0.296930 0.030188 0.033547
0 0.875828 0.541539 0.035562 0.036516
0 0.462484 0.891313 0.035125 0.035031
0 0.404164 0.339953 0.030891 0.031906
0 0.175586 0.934781 0.033141 0.032406
0 0.368852 0.339617 0.030859 0.037328
0 0.180922 0.680359 0.040625 0.042719
0 0.127391 0.352492 0.034063 0.042797
0 0.016281 0.138445 0.030469 0.038828
0 0.602016 0.885148 0.032063 0.031203
0 0.304266 0.731305 0.034406 0.039266
0 0.237500 0.892031 0.032844 0.036906
0 0.131695 0.505172 0.034891 0.040969
0 0.650461 0.884547 0.031422 0.030187
0 0.344211 0.140148 0.033984 0.041859
0 0.289164 0.340445 0.031141 0.034578
0 0.073016 0.298547 0.028719 0.031312
0 0.515031 0.738984 0.036000 0.041500
0 0.974914 0.291594 0.029328 0.036219
0 0.191281 0.886828 0.029875 0.030437
0 0.485437 0.343062 0.032344 0.035844
0 0.959320 0.883641 0.030328 0.039219
0 0.263273 0.938109 0.025766 0.027594
0 0.980828 0.934672 0.033437 0.039719
0 0.626977 0.937469 0.032016 0.034750
0 0.277281 0.488969 0.031188 0.035125
0 0.941688 0.293359 0.028656 0.032094
0 0.426602 0.737898 0.033016 0.041234
0 0.333188 0.340508 0.036187 0.041078
0 0.226984 0.549336 0.032063 0.041578
0 0.533781 0.493016 0.036562 0.043719
0 0.143039 0.892250 0.033484 0.033375
0 0.194117 0.550500 0.033172 0.043531
0 0.377547 0.498687 0.033156 0.031094
0 0.590992 0.547914 0.033234 0.044547
0 0.954766 0.341172 0.033156 0.037312
0 0.636102 0.142719 0.023828 0.034187
0 0.979977 0.096602 0.040047 0.039391
0 0.036086 0.083641 0.027984 0.032125
0 0.026750 0.296086 0.044562 0.034203
0 0.673930 0.941711 0.037297 0.054922
0 0.343344 0.934453 0.033156 0.046625
0 0.059922 0.733930 0.038344 0.033172
0 0.366758 0.884023 0.037172 0.037172
0 0.402727 0.942172 0.049172 0.045563
