0 0.115164 0.279141 0.041703 0.047812
0 0.261719 0.899891 0.037125 0.043031
0 0.021852 0.148094 0.042516 0.047688
0 0.249500 0.473641 0.036219 0.040312
0 0.193680 0.962352 0.042422 0.057547
0 0.196164 0.280664 0.039516 0.042328
0 0.271633 0.956070 0.041922 0.048609
0 0.042203 0.094922 0.038219 0.038687
0 0.159914 0.093969 0.035172 0.042062
0 0.215211 0.893914 0.041891 0.046984
0 0.132969 0.338844 0.037094 0.040531
0 0.249750 0.740367 0.037219 0.044859
0 0.016109 0.948859 0.032000 0.044469
0 0.087539 0.733984 0.033328 0.037875
0 0.031688 0.680711 0.037625 0.039047
0 0.046344 0.733219 0.035406 0.040000
0 0.063742 0.145961 0.030484 0.035391
0 0.191281 0.685352 0.035219 0.040172
0 0.075539 0.538312 0.031484 0.038844
0 0.213508 0.348383 0.037641 0.041484
0 0.172258 0.737414 0.033172 0.036891
0 0.120656 0.091938 0.036687 0.041594
0 0.234984 0.685477 0.034406 0.036484
0 0.137750 0.142187 0.034906 0.040125
0 0.211016 0.738758 0.033062 0.040578
0 0.141805 0.899594 0.030016 0.037312
0 0.033453 0.895875 0.040906 0.049750
0 0.154195 0.967531 0.034484 0.053969
0 0.075266 0.682594 0.034156 0.037219
0 0.210094 0.468797 0.029812 0.030563
0 0.232367 0.950781 0.030391 0.037156
0 0.189242 0.536867 0.031953 0.038641
0 0.262711 0.544789 0.036859 0.044328
0 0.027305 0.285023 0.032766 0.035141
0 0.045094 0.476297 0.035625 0.036531
0 0.102953 0.898172 0.036437 0.043438
0 0.153000 0.542109 0.037125 0.040625
0 0.122469 0.959781 0.032813 0.044344
0 0.040117 0.537094 0.031172 0.038781
0 0.134523 0.477164 0.033922 0.034734
0 0.088617 0.341984 0.034109 0.036344
0 0.052156 0.950969 0.035813 0.042156
0 0.101945 0.145125 0.030922 0.034219
0 0.155148 0.280008 0.027672 0.031078
0 0.130883 0.738703 0.033922 0.035656
0 0.227164 0.539242 0.031422 0.040328
0 0.112609 0.540148 0.029750 0.031578
0 0.083023 0.091867 0.026953 0.028047
0 0.178352 0.146883 0.030141 0.033922
0 0.172930 0.474797 0.028391 0.032219
0 0.041375 0.339938 0.030219 0.032750
0 0.147430 0.684227 0.027422 0.027859
0 0.177234 0.897523 0.026687 0.032172
0 0.090625 0.480398 0.028625 0.029547
0 0.270906 0.688797 0.025531 0.029188
0 0.072703 0.286141 0.040625 0.051750
0 0.087063 0.956852 0.032500 0.043391
0 0.069328 0.897961 0.026375 0.035609
0 0.174383 0.340031 0.029141 0.034687
0 0.112648 0.681312 0.033297 0.037469
0 0.293117 0.741664 0.043891 0.038516
