0 0.503656 0.035312 0.042219 0.038219
0 0.495836 0.683141 0.046266 0.043063
0 0.544961 0.149641 0.040953 0.036813
0 0.522297 0.484906 0.046750 0.041375
0 0.413297 0.798320 0.057219 0.054422
0 0.476609 0.268375 0.046812 0.047750
0 0.450242 0.972805 0.034203 0.039828
0 0.458844 0.508648 0.041906 0.040047
0 0.533461 0.336148 0.041297 0.038141
0 0.731047 0.324188 0.040750 0.037187
0 0.466273 0.457969 0.045766 0.043156
0 0.422766 0.749734 0.054188 0.050219
0 0.442250 0.598578 0.041656 0.035312
0 0.497953 0.633266 0.045250 0.041906
0 0.396914 0.946281 0.037141 0.034344
0 0.467547 0.406609 0.048281 0.043094
0 0.687367 0.299102 0.036234 0.035484
0 0.471531 0.356977 0.038906 0.035953
0 0.551086 0.057352 0.044266 0.038266
0 0.957289 0.245508 0.038953 0.032797
0 0.403266 0.896539 0.037094 0.034766
0 0.463930 0.874445 0.037703 0.036328
0 0.700492 0.608984 0.032641 0.034812
0 0.528492 0.385055 0.042047 0.034891
0 0.558602 0.014664 0.043922 0.028922
0 0.761937 0.087914 0.035219 0.032984
0 0.491234 0.126156 0.040844 0.035844
0 0.430891 0.699289 0.048187 0.042266
0 0.641547 0.680906 0.036031 0.033937
0 0.687617 0.659242 0.033734 0.032422
0 0.546273 0.100547 0.050766 0.041031
0 0.913398 0.585313 0.034578 0.035156
0 0.857633 0.558586 0.035828 0.033609
0 0.509133 0.584555 0.036078 0.031797
0 0.610875 0.911500 0.033469 0.033906
0 0.540977 0.244539 0.039234 0.035703
0 0.613320 0.862555 0.037891 0.033578
0 0.440195 0.650500 0.039891 0.037281
0 0.525109 0.430953 0.035375 0.037438
0 0.873711 0.851000 0.031109 0.031188
0 0.723914 0.371234 0.034203 0.032625
0 0.924758 0.500492 0.035141 0.033266
0 0.487133 0.219500 0.033734 0.036000
0 0.455375 0.923547 0.033906 0.033625
0 0.963258 0.156297 0.036734 0.038750
0 0.706898 0.062836 0.034109 0.031766
0 0.709133 0.020273 0.036828 0.032328
0 0.947328 0.322781 0.032156 0.030313
0 0.813023 0.952867 0.035141 0.035203
0 0.662508 0.488180 0.036047 0.033453
0 0.514273 0.539609 0.039266 0.037906
0 0.411203 0.846648 0.035313 0.031672
0 0.703820 0.154461 0.037891 0.037516
0 0.662820 0.899258 0.030141 0.028797
0 0.921687 0.038055 0.033031 0.031297
0 0.749680 0.177727 0.032672 0.030672
0 0.470180 0.827383 0.032453 0.030922
0 0.675781 0.796070 0.031062 0.031234
0 0.697016 0.205539 0.034937 0.033172
0 0.454219 0.553820 0.034406 0.031922
0 0.490109 0.174258 0.036062 0.033891
0 0.911922 0.124438 0.032656 0.031094
0 0.737680 0.276844 0.030578 0.028500
0 0.829250 0.781391 0.032156 0.032094
0 0.481687 0.727141 0.040063 0.036844
0 0.813727 0.908617 0.031859 0.030391
0 0.903469 0.212156 0.033938 0.033063
0 0.849008 0.646430 0.031891 0.030422
0 0.875070 0.472023 0.031891 0.031203
0 0.671680 0.847953 0.029234 0.031344
0 0.709695 0.511109 0.028328 0.029219
0 0.765758 0.040602 0.030516 0.030141
0 0.471648 0.778922 0.040328 0.039312
0 0.871633 0.891523 0.028578 0.027922
0 0.969266 0.108211 0.033719 0.030703
0 0.704023 0.103797 0.032391 0.028937
0 0.941547 0.367312 0.037000 0.034844
0 0.534437 0.290898 0.039094 0.029984
0 0.657977 0.533617 0.031797 0.031047
0 0.958500 0.197563 0.029250 0.028906
0 0.481414 0.315211 0.041547 0.034078
0 0.893445 0.719461 0.032766 0.031766
0 0.906141 0.170641 0.033531 0.029656
0 0.713094 0.466945 0.030937 0.028859
0 0.652047 0.579703 0.030281 0.029125
0 0.900172 0.669250 0.033094 0.028688
0 0.862953 0.975672 0.029687 0.029125
0 0.692492 0.249758 0.031328 0.031609
0 0.815391 0.868039 0.030125 0.029609
0 0.648141 0.628867 0.029875 0.030391
0 0.894383 0.258016 0.032516 0.029563
0 0.885516 0.807648 0.030156 0.030797
0 0.497570 0.080031 0.033672 0.032781
0 0.743805 0.233648 0.029109 0.029953
0 0.667797 0.441422 0.029000 0.030656
0 0.868469 0.934023 0.030344 0.029859
0 0.888719 0.384352 0.031625 0.029953
0 0.936688 0.412055 0.033156 0.027078
0 0.390289 0.986234 0.049672 0.027000
0 0.705219 0.557805 0.030969 0.030047
0 0.713836 0.418438 0.031922 0.031781
0 0.953875 0.285297 0.026250 0.024281
0 0.606422 0.956156 0.029031 0.029625
0 0.892539 0.340391 0.027078 0.027406
0 0.906445 0.629570 0.031422 0.026859
0 0.639531 0.722328 0.027813 0.028469
0 0.662164 0.939008 0.027172 0.028797
0 0.824039 0.826758 0.028609 0.026641
0 0.622055 0.817758 0.027422 0.026953
0 0.895461 0.299875 0.029578 0.028063
0 0.831711 0.736313 0.027203 0.029031
0 0.867250 0.513266 0.030531 0.028562
0 0.920172 0.540156 0.028031 0.025938
0 0.886453 0.763703 0.025750 0.025406
0 0.675164 0.392656 0.030516 0.027594
0 0.630750 0.769836 0.024313 0.026984
0 0.680359 0.748875 0.026875 0.030344
0 0.916313 0.081289 0.029687 0.027391
0 0.931922 0.455906 0.026625 0.025656
0 0.681680 0.348023 0.029484 0.029234
0 0.754562 0.129289 0.028469 0.027109
0 0.840609 0.690406 0.027156 0.027844
0 0.689414 0.704727 0.028734 0.027797
0 0.545992 0.199313 0.048734 0.041281
0 0.880508 0.429953 0.027266 0.024812
0 0.657711 0.983766 0.029766 0.029781
0 0.975875 0.059430 0.033062 0.030953
0 0.852672 0.600383 0.027625 0.026891
0 0.807563 0.991687 0.026531 0.016031
0 0.980086 0.013250 0.031734 0.025938
