0 0.669047 0.162250 0.063094 0.073687
0 0.383648 0.245461 0.055203 0.059109
0 0.639344 0.390477 0.052531 0.058703
0 0.319180 0.177039 0.051953 0.057703
0 0.483875 0.245047 0.052875 0.056750
0 0.931461 0.031508 0.069797 0.063016
0 0.345719 0.214562 0.065656 0.068250
0 0.416594 0.181062 0.049500 0.055563
0 0.630109 0.134078 0.051813 0.060813
0 0.536016 0.038312 0.058437 0.070594
0 0.566180 0.076164 0.050703 0.055922
0 0.867273 0.050039 0.050141 0.050953
0 0.449703 0.210312 0.055813 0.061000
0 0.595719 0.017766 0.047469 0.035219
0 0.599773 0.103203 0.052609 0.055844
0 0.569211 0.417555 0.068516 0.091797
0 0.657617 0.069937 0.043172 0.049687
0 0.422500 0.276906 0.059375 0.059719
0 0.832430 0.022461 0.045547 0.044922
0 0.251172 0.126273 0.049375 0.056328
0 0.313805 0.093125 0.053297 0.059250
0 0.501781 0.018586 0.053562 0.037016
0 0.133789 0.022453 0.059172 0.044906
0 0.550500 0.308141 0.048781 0.060094
0 0.755641 0.155953 0.047156 0.053313
0 0.195445 0.074227 0.059641 0.074984
0 0.283844 0.065562 0.048094 0.057219
0 0.611258 0.357773 0.045266 0.047922
0 0.224477 0.017602 0.054391 0.035203
0 0.281375 0.153516 0.051094 0.061125
0 0.351039 0.120672 0.035953 0.039719
0 0.721250 0.119313 0.047844 0.056094
0 0.162227 0.042656 0.048516 0.060813
0 0.696328 0.096727 0.044000 0.044609
0 0.626625 0.038422 0.035188 0.038437
0 0.223305 0.098523 0.053484 0.058766
0 0.517375 0.276930 0.033219 0.033734
0 0.384602 0.151133 0.034109 0.038609
0 0.456039 0.315781 0.079734 0.088250
0 0.488563 0.339391 0.061156 0.058062
0 0.515648 0.369961 0.054953 0.058828
0 0.543516 0.386219 0.051875 0.054187
