0 0.977664 0.559766 0.043766 0.044281
0 0.558805 0.805984 0.051047 0.049125
0 0.070102 0.321922 0.046766 0.044219
0 0.456789 0.209766 0.044984 0.044031
0 0.971297 0.659680 0.048906 0.044172
0 0.818211 0.061320 0.048078 0.045328
0 0.077289 0.267984 0.060828 0.053500
0 0.217203 0.810570 0.054937 0.046859
0 0.595383 0.211211 0.044828 0.044109
0 0.955406 0.859500 0.048156 0.044187
0 0.630180 0.647680 0.040547 0.038797
0 0.081109 0.217828 0.051500 0.047094
0 0.227742 0.675508 0.048203 0.043359
0 0.965094 0.758719 0.042000 0.042188
0 0.804953 0.200297 0.044344 0.045094
0 0.868203 0.185422 0.053688 0.045125
0 0.024766 0.235828 0.049469 0.046500
0 0.565242 0.619289 0.055422 0.051641
0 0.240039 0.485750 0.042672 0.036625
0 0.562375 0.711422 0.047281 0.041250
0 0.040508 0.758742 0.051547 0.045047
0 0.032391 0.134625 0.046375 0.048469
0 0.374523 0.583594 0.052141 0.046094
0 0.180906 0.509273 0.042563 0.042609
0 0.405461 0.226375 0.048297 0.046312
0 0.588672 0.310094 0.047312 0.042969
0 0.067422 0.372297 0.042719 0.039437
0 0.421305 0.670992 0.041547 0.041922
0 0.443969 0.469414 0.046125 0.043422
0 0.060742 0.466539 0.049172 0.046484
0 0.410867 0.070695 0.036984 0.039109
0 0.640117 0.511344 0.044422 0.039844
0 0.968289 0.710242 0.042516 0.037703
0 0.252148 0.310398 0.041859 0.039328
0 0.472320 0.049711 0.061422 0.057703
0 0.370766 0.637273 0.041844 0.039672
0 0.182391 0.461836 0.044625 0.040672
0 0.053344 0.519023 0.039219 0.045172
0 0.214625 0.136625 0.041063 0.039719
0 0.026937 0.862539 0.047375 0.043484
0 0.091617 0.067062 0.050891 0.047781
0 0.146867 0.884484 0.042828 0.043344
0 0.096953 0.018859 0.046719 0.037719
0 0.205055 0.186820 0.039734 0.039891
0 0.950492 0.911414 0.041703 0.038672
0 0.792906 0.340234 0.059344 0.052906
0 0.037844 0.709969 0.046469 0.041219
0 0.853367 0.322781 0.046516 0.044000
0 0.406773 0.170617 0.038078 0.036234
0 0.186180 0.373797 0.037922 0.037656
0 0.172164 0.608430 0.040422 0.036828
0 0.434742 0.518523 0.046078 0.044422
0 0.978414 0.611688 0.042109 0.038687
0 0.630453 0.694508 0.037344 0.037172
0 0.870719 0.138180 0.046625 0.040672
0 0.766359 0.815406 0.048781 0.044687
0 0.411992 0.821188 0.043359 0.045000
0 0.266375 0.209250 0.051625 0.046656
0 0.622102 0.832711 0.043328 0.040141
0 0.217617 0.086023 0.038859 0.036109
0 0.410578 0.123516 0.036469 0.033969
0 0.590117 0.262242 0.048672 0.040953
0 0.194680 0.283734 0.046797 0.040031
0 0.175328 0.557859 0.033313 0.035563
0 0.085656 0.120367 0.041937 0.041953
0 0.237523 0.535820 0.045422 0.040859
0 0.832008 0.626586 0.054891 0.048578
0 0.029648 0.185695 0.039078 0.038422
0 0.167602 0.656070 0.043766 0.043266
0 0.661641 0.149781 0.060156 0.048906
0 0.033820 0.812187 0.043891 0.042937
0 0.649602 0.292445 0.046891 0.043078
0 0.778242 0.558781 0.047422 0.042656
0 0.881133 0.046641 0.037422 0.037219
0 0.467617 0.152602 0.044516 0.041984
0 0.575242 0.529602 0.045734 0.040359
0 0.395852 0.333023 0.035078 0.039359
0 0.212633 0.862047 0.040109 0.038906
0 0.585836 0.397156 0.061828 0.050938
0 0.769078 0.732164 0.053437 0.048797
0 0.150008 0.936125 0.033859 0.036594
0 0.579813 0.484812 0.040750 0.038688
0 0.451984 0.315695 0.044969 0.048422
0 0.647781 0.422281 0.041688 0.036969
0 0.233492 0.583203 0.039359 0.033125
0 0.022625 0.284242 0.036594 0.036891
0 0.039156 0.031703 0.048250 0.041781
0 0.849008 0.412086 0.040016 0.037047
0 0.241000 0.400680 0.046062 0.041516
0 0.046375 0.665203 0.052594 0.045906
0 0.453937 0.260375 0.035469 0.035156
0 0.811391 0.107187 0.034281 0.033563
0 0.411109 0.869047 0.034437 0.034844
0 0.840281 0.493789 0.041094 0.040516
0 0.609734 0.036219 0.052719 0.043687
0 0.547602 0.933125 0.045422 0.045063
0 0.983523 0.322313 0.032578 0.048375
0 0.272070 0.114570 0.040547 0.039766
0 0.823078 0.757867 0.041031 0.038078
0 0.787547 0.424461 0.035688 0.034453
0 0.209484 0.908367 0.031531 0.031234
0 0.608336 0.084633 0.045328 0.038391
0 0.671672 0.061047 0.043094 0.041750
0 0.430695 0.565555 0.041359 0.039484
0 0.874047 0.093156 0.036062 0.037375
0 0.023156 0.918445 0.040906 0.043141
0 0.379617 0.483758 0.039328 0.040047
0 0.406039 0.278109 0.037734 0.036969
0 0.818781 0.015195 0.035656 0.029922
0 0.018445 0.336336 0.036703 0.046797
0 0.207852 0.950500 0.038328 0.036500
0 0.352195 0.927812 0.036078 0.036531
0 0.354422 0.883914 0.036938 0.032422
0 0.644344 0.464570 0.038625 0.035141
0 0.627453 0.600781 0.048563 0.041938
0 0.199586 0.237703 0.044922 0.038750
0 0.979969 0.376391 0.039000 0.043625
0 0.426359 0.615477 0.035469 0.035422
0 0.368109 0.688797 0.040875 0.039313
0 0.639898 0.557914 0.040516 0.035609
0 0.948633 0.951820 0.035016 0.031422
0 0.599211 0.125680 0.049141 0.041203
0 0.752281 0.912625 0.038563 0.037812
0 0.448773 0.414648 0.032703 0.030328
0 0.240945 0.440039 0.043141 0.038734
0 0.812211 0.890281 0.035141 0.035375
0 0.670055 0.016117 0.038547 0.031797
0 0.358461 0.839625 0.043516 0.038438
0 0.014352 0.384102 0.028203 0.043453
0 0.549813 0.977695 0.033281 0.029766
0 0.980898 0.469242 0.037141 0.035016
0 0.276164 0.065844 0.032609 0.030469
0 0.826844 0.672227 0.034250 0.033266
0 0.573383 0.574680 0.036891 0.032734
0 0.561719 0.756984 0.040875 0.039062
0 0.652602 0.338852 0.040734 0.036422
0 0.624273 0.787133 0.040578 0.035234
0 0.228688 0.627227 0.033625 0.032672
0 0.412500 0.016000 0.039312 0.031594
0 0.809062 0.935078 0.029844 0.032094
0 0.259563 0.258992 0.032813 0.032359
0 0.415945 0.773695 0.034516 0.032578
0 0.610531 0.960133 0.027281 0.028578
0 0.554172 0.851156 0.033969 0.029625
0 0.401102 0.966203 0.033734 0.034969
0 0.837406 0.538789 0.034094 0.033203
0 0.389617 0.439305 0.042391 0.040047
0 0.983367 0.424125 0.032891 0.043906
0 0.411039 0.914227 0.032203 0.028641
0 0.220375 0.717477 0.040563 0.032328
0 0.861508 0.229070 0.035703 0.031703
0 0.267422 0.160086 0.036250 0.031984
0 0.085773 0.169461 0.033516 0.034828
0 0.758141 0.864398 0.037406 0.035578
0 0.767219 0.685859 0.034469 0.033125
0 0.812813 0.149695 0.036375 0.031547
0 0.781836 0.513836 0.037734 0.036547
0 0.552516 0.890477 0.045250 0.038078
0 0.050141 0.616898 0.035781 0.036578
0 0.160578 0.744414 0.037187 0.036766
0 0.964398 0.805719 0.034234 0.036031
0 0.472852 0.105234 0.034641 0.034094
0 0.447961 0.365094 0.037984 0.034250
0 0.852289 0.366820 0.037391 0.031203
0 0.983867 0.512461 0.031266 0.033047
0 0.153977 0.787406 0.038797 0.035313
0 0.628039 0.738227 0.037703 0.034203
0 0.585039 0.352500 0.041203 0.028656
0 0.663328 0.195133 0.038000 0.034609
0 0.816805 0.843141 0.037391 0.036188
0 0.065289 0.418898 0.031953 0.032734
0 0.805625 0.980734 0.038375 0.037063
0 0.773039 0.601859 0.047234 0.040594
0 0.749305 0.954477 0.038203 0.032109
0 0.563172 0.666852 0.048031 0.038891
0 0.218141 0.040188 0.028281 0.028219
0 0.182289 0.418695 0.035953 0.030578
0 0.804547 0.249227 0.035344 0.035734
0 0.656078 0.241453 0.045344 0.039625
0 0.650898 0.380375 0.053891 0.042656
0 0.150703 0.837648 0.032125 0.032859
0 0.616680 0.915609 0.040984 0.039250
0 0.245852 0.349172 0.030297 0.029375
0 0.833305 0.580719 0.025172 0.023656
0 0.037320 0.078445 0.035047 0.034672
0 0.846539 0.451062 0.033891 0.027438
0 0.379008 0.531141 0.033297 0.036313
0 0.022414 0.967125 0.034109 0.037594
0 0.366828 0.740938 0.038625 0.035562
0 0.163914 0.701203 0.028641 0.026500
0 0.818109 0.799258 0.025375 0.029172
0 0.191539 0.329336 0.028578 0.026266
0 0.617977 0.873492 0.035797 0.030234
0 0.783828 0.467445 0.040687 0.036922
0 0.363664 0.790508 0.032672 0.029578
0 0.348531 0.982344 0.025031 0.024688
0 0.665055 0.108344 0.033891 0.031031
0 0.600930 0.168391 0.045703 0.037969
0 0.825734 0.714094 0.039531 0.032375
0 0.792414 0.384820 0.028859 0.028578
0 0.581977 0.440133 0.054922 0.044922
0 0.146617 0.978664 0.025422 0.026453
0 0.767078 0.772156 0.035062 0.029219
0 0.771062 0.645633 0.027719 0.026516
0 0.283930 0.016758 0.036203 0.032859
0 0.801695 0.299812 0.032922 0.029969
0 0.205445 0.990586 0.029922 0.017922
0 0.012891 0.437734 0.025344 0.049156
0 0.006398 0.528227 0.012797 0.038547
0 0.008188 0.636180 0.016375 0.042547
0 0.857164 0.277992 0.030859 0.031047
0 0.221500 0.007687 0.045625 0.015375
