0 0.842945 0.197586 0.041453 0.040766
0 0.266977 0.373234 0.047453 0.043312
0 0.203852 0.385430 0.041891 0.040828
0 0.826258 0.806484 0.052391 0.052469
0 0.893133 0.271898 0.054359 0.046828
0 0.456555 0.569250 0.040547 0.039469
0 0.025734 0.598039 0.046000 0.040109
0 0.107336 0.130477 0.049891 0.052953
0 0.208586 0.332867 0.039953 0.038953
0 0.805594 0.976156 0.045781 0.041969
0 0.640625 0.323141 0.048469 0.043375
0 0.528719 0.054320 0.048156 0.044766
0 0.052453 0.087375 0.041719 0.039812
0 0.816039 0.430820 0.050391 0.046234
0 0.067687 0.348375 0.045531 0.039875
0 0.679406 0.433672 0.044219 0.041750
0 0.603617 0.559898 0.042891 0.034703
0 0.562609 0.847031 0.047219 0.045500
0 0.642336 0.703703 0.046672 0.044750
0 0.272461 0.318484 0.044797 0.042625
0 0.215320 0.729617 0.039984 0.042547
0 0.856281 0.556859 0.044688 0.039125
0 0.152375 0.786289 0.039938 0.036953
0 0.821008 0.383578 0.037203 0.038531
0 0.181648 0.535961 0.039797 0.042109
0 0.589242 0.679688 0.052109 0.049906
0 0.677758 0.022187 0.038641 0.035875
0 0.202477 0.960187 0.056922 0.049906
0 0.861070 0.509750 0.036641 0.035844
0 0.405523 0.624250 0.036359 0.035875
0 0.035992 0.184727 0.042078 0.038797
0 0.494797 0.299195 0.051250 0.045453
0 0.414578 0.961836 0.042406 0.041234
0 0.221312 0.281953 0.041406 0.036531
0 0.912539 0.102062 0.050109 0.047375
0 0.250984 0.072484 0.033844 0.036719
0 0.461047 0.522375 0.037906 0.041062
0 0.655266 0.195797 0.042969 0.037156
0 0.371328 0.887453 0.036781 0.035812
0 0.747523 0.949016 0.047172 0.038719
0 0.446750 0.696680 0.046094 0.043172
0 0.173477 0.586758 0.039453 0.037641
0 0.193094 0.434492 0.038094 0.036484
0 0.857094 0.063258 0.060406 0.049109
0 0.022461 0.686523 0.044547 0.040016
0 0.438023 0.745461 0.042109 0.037016
0 0.879453 0.366398 0.042750 0.042828
0 0.617469 0.909172 0.044219 0.037187
0 0.422211 0.448320 0.037828 0.036328
0 0.207758 0.913172 0.043172 0.038594
0 0.697656 0.311820 0.045813 0.047016
0 0.777852 0.692187 0.052422 0.046000
0 0.117594 0.028906 0.040969 0.038500
0 0.092008 0.217430 0.050328 0.043734
0 0.862203 0.461758 0.033906 0.033172
0 0.831391 0.288359 0.042344 0.040094
0 0.412961 0.575711 0.041641 0.043078
0 0.437031 0.271797 0.032625 0.034500
0 0.844094 0.637352 0.040813 0.033547
0 0.854227 0.109594 0.038391 0.032656
0 0.549102 0.921500 0.051453 0.043969
0 0.673828 0.066531 0.039000 0.040125
0 0.796250 0.572539 0.058781 0.048266
0 0.243352 0.527305 0.039172 0.037391
0 0.764820 0.776195 0.057109 0.048391
0 0.849891 0.598422 0.041031 0.035187
0 0.620977 0.871516 0.044266 0.037813
0 0.833906 0.723297 0.035031 0.032875
0 0.827898 0.763078 0.040547 0.033656
0 0.653312 0.237531 0.040750 0.038563
0 0.280375 0.262984 0.039187 0.038500
0 0.189250 0.482586 0.041125 0.039734
0 0.472789 0.057859 0.031297 0.033531
0 0.393891 0.713945 0.046156 0.041953
0 0.302766 0.114430 0.036813 0.034453
0 0.168453 0.637945 0.035344 0.034984
0 0.728133 0.085516 0.034016 0.033781
0 0.899469 0.181281 0.034781 0.032656
0 0.420898 0.874086 0.043391 0.040953
0 0.144352 0.887180 0.043047 0.037922
0 0.021023 0.728187 0.041922 0.044500
0 0.849414 0.151430 0.032359 0.031766
0 0.483180 0.344984 0.039484 0.035844
0 0.635430 0.750055 0.037141 0.032203
0 0.699953 0.262359 0.041469 0.035688
0 0.863992 0.021188 0.044328 0.038125
0 0.649242 0.625570 0.056641 0.049297
0 0.294945 0.164773 0.039203 0.035078
0 0.084008 0.263961 0.042422 0.042516
0 0.809273 0.480016 0.045047 0.046812
0 0.429688 0.362000 0.034031 0.034187
0 0.896242 0.224344 0.038047 0.034469
0 0.289664 0.213469 0.039172 0.036500
0 0.577047 0.763938 0.041531 0.040594
0 0.039602 0.521523 0.051484 0.041172
0 0.734375 0.046500 0.036406 0.032281
0 0.043336 0.137172 0.042109 0.042375
0 0.437875 0.788719 0.032781 0.031531
0 0.525008 0.101492 0.044672 0.038734
0 0.229641 0.625008 0.033937 0.034703
0 0.844891 0.678750 0.045625 0.042250
0 0.762664 0.822438 0.051547 0.039875
0 0.050852 0.438289 0.045609 0.040078
0 0.134625 0.979516 0.044656 0.039781
0 0.771742 0.735906 0.050984 0.036875
0 0.710906 0.221578 0.032000 0.031094
0 0.871898 0.413789 0.038609 0.036984
0 0.834562 0.241305 0.034000 0.030172
0 0.625133 0.829164 0.037234 0.033703
0 0.659773 0.153172 0.038484 0.033531
0 0.495531 0.251984 0.040219 0.036094
0 0.632016 0.364086 0.044875 0.037078
0 0.624188 0.442992 0.033875 0.030141
0 0.114305 0.077977 0.039891 0.032953
0 0.056977 0.039273 0.043922 0.040641
0 0.022359 0.273383 0.040906 0.038641
0 0.237250 0.577805 0.039438 0.040047
0 0.025297 0.640680 0.047625 0.040516
0 0.161875 0.688406 0.040312 0.038875
0 0.712117 0.176453 0.033016 0.030344
0 0.581070 0.722203 0.034266 0.030375
0 0.598836 0.599328 0.038266 0.032062
0 0.237828 0.177437 0.031062 0.030000
0 0.155344 0.739430 0.042781 0.036516
0 0.921008 0.052664 0.033578 0.033672
0 0.452477 0.611297 0.038266 0.032500
0 0.382273 0.800703 0.035422 0.035156
0 0.456445 0.652859 0.044109 0.042719
0 0.615117 0.481539 0.031672 0.027984
0 0.486063 0.388984 0.047375 0.039531
0 0.140344 0.934164 0.035813 0.030516
0 0.013773 0.776156 0.026891 0.039375
0 0.019016 0.319469 0.037656 0.040375
0 0.046133 0.479555 0.043766 0.036797
0 0.613023 0.518461 0.031703 0.030172
0 0.425883 0.831758 0.035266 0.036641
0 0.415891 0.494117 0.034781 0.036734
0 0.629141 0.402914 0.040031 0.034859
0 0.248117 0.127352 0.032797 0.029641
0 0.665172 0.515148 0.048094 0.042484
0 0.060742 0.388312 0.040609 0.038656
0 0.498602 0.211375 0.027922 0.026781
0 0.463352 0.101953 0.031891 0.032594
0 0.374258 0.846836 0.035297 0.032078
0 0.260211 0.024313 0.031672 0.028375
0 0.035898 0.556469 0.039516 0.032125
0 0.823977 0.853500 0.035984 0.031719
0 0.263891 0.423203 0.036094 0.030875
0 0.072914 0.306531 0.044609 0.038031
0 0.647945 0.281523 0.032047 0.031422
0 0.477086 0.472109 0.030141 0.033125
0 0.681289 0.390789 0.039766 0.036453
0 0.211109 0.867664 0.030687 0.026547
0 0.421437 0.917359 0.044125 0.037281
0 0.510266 0.143242 0.040563 0.034859
0 0.570555 0.803063 0.026047 0.026031
0 0.313383 0.066422 0.027766 0.026312
0 0.907875 0.140516 0.037406 0.027844
0 0.430445 0.315437 0.033203 0.030781
0 0.722344 0.126812 0.039531 0.033094
0 0.482867 0.015563 0.032359 0.030125
0 0.644617 0.665344 0.032422 0.027781
0 0.389305 0.756617 0.031109 0.029859
0 0.672250 0.108055 0.026531 0.026234
0 0.146617 0.839883 0.027203 0.026797
0 0.887430 0.321133 0.032484 0.030078
0 0.551609 0.883289 0.034844 0.029266
0 0.668539 0.473711 0.048922 0.040328
0 0.449734 0.187219 0.029000 0.030375
0 0.827961 0.337906 0.030359 0.031250
0 0.627094 0.788234 0.043781 0.036844
0 0.444945 0.229445 0.025234 0.026578
0 0.400703 0.673562 0.030406 0.027750
0 0.026984 0.225859 0.040094 0.036219
0 0.803195 0.527141 0.052047 0.042844
0 0.012945 0.360094 0.025234 0.036281
0 0.595469 0.638953 0.041750 0.032500
0 0.740289 0.985031 0.057391 0.029125
0 0.369344 0.933164 0.029406 0.029859
0 0.229742 0.228547 0.026734 0.028063
0 0.506750 0.176891 0.035062 0.028969
0 0.255594 0.474695 0.024469 0.026578
0 0.535641 0.012570 0.043531 0.024984
0 0.096734 0.178578 0.042938 0.030969
0 0.660969 0.554547 0.037875 0.033156
0 0.010336 0.818852 0.020672 0.037234
0 0.786109 0.648344 0.055563 0.045781
0 0.428531 0.404391 0.028875 0.028187
0 0.535359 0.983625 0.057062 0.030625
0 0.484375 0.426711 0.039844 0.031641
0 0.601906 0.961688 0.069062 0.076625
0 0.575406 0.014688 0.032125 0.028719
0 0.760180 0.865219 0.038391 0.032125
0 0.220328 0.675281 0.023906 0.024437
0 0.009820 0.447992 0.019641 0.043703
0 0.656078 0.587266 0.041500 0.031531
0 0.541922 0.957078 0.039750 0.029656
0 0.748875 0.903008 0.067969 0.041609
