0 0.166672 0.258234 0.039875 0.038937
0 0.354445 0.008055 0.045734 0.016109
0 0.821594 0.375734 0.053031 0.053531
0 0.911320 0.642711 0.052359 0.054203
0 0.698570 0.755430 0.060484 0.056578
0 0.227180 0.311469 0.048516 0.046781
0 0.087789 0.044688 0.051047 0.050906
0 0.442188 0.185461 0.043469 0.042234
0 0.630086 0.571477 0.055859 0.050109
0 0.269641 0.581797 0.045031 0.046437
0 0.304609 0.896898 0.042813 0.044109
0 0.460430 0.309359 0.052703 0.046219
0 0.479008 0.495109 0.037953 0.041125
0 0.462437 0.360781 0.035375 0.037094
0 0.595523 0.301773 0.052859 0.047703
0 0.795117 0.172398 0.037203 0.036203
0 0.922695 0.749313 0.041359 0.037656
0 0.623437 0.108406 0.038125 0.034688
0 0.642008 0.232656 0.038234 0.040000
0 0.424383 0.436969 0.041391 0.039219
0 0.126594 0.130500 0.051781 0.050750
0 0.819937 0.323797 0.038469 0.037906
0 0.046008 0.481094 0.041109 0.038313
0 0.414789 0.343945 0.044109 0.042766
0 0.860219 0.187062 0.037094 0.034719
0 0.616313 0.018703 0.039406 0.037031
0 0.667734 0.917680 0.039375 0.037891
0 0.866875 0.294203 0.035688 0.035094
0 0.670250 0.499250 0.037750 0.038063
0 0.870930 0.347539 0.034078 0.036453
0 0.431211 0.529828 0.040922 0.044094
0 0.663781 0.870297 0.038656 0.034750
0 0.228625 0.655297 0.046406 0.048313
0 0.657969 0.372156 0.038187 0.041906
0 0.034680 0.423016 0.039891 0.039406
0 0.281430 0.713039 0.046422 0.049703
0 0.621328 0.481094 0.040219 0.039375
0 0.499555 0.685922 0.032359 0.031375
0 0.879344 0.827875 0.039594 0.038969
0 0.892328 0.884695 0.034281 0.035234
0 0.206984 0.222250 0.038375 0.034219
0 0.655648 0.783453 0.036234 0.035969
0 0.423219 0.099258 0.037188 0.035734
0 0.946328 0.906383 0.032844 0.035859
0 0.844320 0.092320 0.037922 0.038609
0 0.677562 0.547672 0.033688 0.034375
0 0.428125 0.480602 0.039906 0.037641
0 0.671547 0.963078 0.037969 0.036500
0 0.021172 0.610828 0.038781 0.040469
0 0.893398 0.499430 0.034078 0.034516
0 0.688156 0.678242 0.032437 0.029484
0 0.262023 0.928367 0.054641 0.048922
0 0.621797 0.063633 0.036094 0.034109
0 0.373969 0.088352 0.043375 0.041859
0 0.259117 0.881461 0.042766 0.039516
0 0.398555 0.261344 0.046891 0.041094
0 0.257992 0.501469 0.040516 0.040062
0 0.713180 0.937562 0.033328 0.032687
0 0.245117 0.405672 0.039297 0.037875
0 0.190852 0.181570 0.035641 0.036859
0 0.391945 0.213375 0.056234 0.054656
0 0.412633 0.390422 0.048578 0.042219
0 0.834180 0.479758 0.041016 0.042609
0 0.710617 0.895625 0.034828 0.032687
0 0.617375 0.398445 0.037281 0.037922
0 0.646766 0.281117 0.035594 0.038453
0 0.442383 0.623578 0.032516 0.037312
0 0.710586 0.850805 0.043391 0.039234
0 0.222062 0.564695 0.038844 0.036297
0 0.524297 0.918961 0.032594 0.032734
0 0.524789 0.960187 0.033172 0.032062
0 0.636477 0.186453 0.033078 0.031094
0 0.235867 0.361781 0.040891 0.036844
0 0.414977 0.015859 0.039297 0.031219
0 0.075156 0.630844 0.035813 0.037281
0 0.159766 0.029281 0.045938 0.055906
0 0.140320 0.177117 0.038797 0.040141
0 0.474016 0.446523 0.031813 0.033203
0 0.469766 0.901250 0.032156 0.032781
0 0.681578 0.638773 0.036250 0.030203
0 0.484563 0.586688 0.041625 0.034219
0 0.929766 0.803164 0.032312 0.031922
0 0.028602 0.372875 0.035297 0.033625
0 0.678008 0.592898 0.032109 0.036359
0 0.849922 0.142281 0.035375 0.032219
0 0.180273 0.306539 0.032578 0.033859
0 0.939211 0.853305 0.035047 0.032328
0 0.021359 0.270922 0.032969 0.035656
0 0.255563 0.450953 0.035719 0.037688
0 0.900008 0.933750 0.031453 0.031375
0 0.453719 0.765766 0.029312 0.030656
0 0.631219 0.149117 0.032937 0.030516
0 0.310492 0.944438 0.042578 0.037938
0 0.053586 0.526023 0.034391 0.037547
0 0.063859 0.577266 0.035219 0.037625
0 0.662891 0.826805 0.034500 0.028984
0 0.899016 0.548984 0.031969 0.030500
0 0.436188 0.141258 0.034375 0.032203
0 0.470023 0.405078 0.038328 0.035719
0 0.864602 0.727125 0.030734 0.029687
0 0.915211 0.696523 0.031609 0.030359
0 0.293328 0.805375 0.046625 0.043938
0 0.237172 0.740164 0.042969 0.043766
0 0.175156 0.079406 0.033187 0.034187
0 0.288320 0.761961 0.036672 0.032297
0 0.451594 0.714477 0.033563 0.032172
0 0.640078 0.620453 0.030938 0.033312
0 0.183195 0.131727 0.035734 0.035734
0 0.644625 0.699773 0.041281 0.032734
0 0.781477 0.073484 0.034859 0.034187
0 0.717648 0.980258 0.040047 0.035734
0 0.493086 0.636969 0.033734 0.031781
0 0.857617 0.674102 0.029047 0.030266
0 0.651742 0.738531 0.036984 0.032094
0 0.446242 0.671555 0.034641 0.034078
0 0.702641 0.804023 0.030937 0.029641
0 0.662117 0.416453 0.032859 0.029719
0 0.866016 0.239992 0.028469 0.029609
0 0.849578 0.579117 0.031156 0.030328
0 0.427359 0.054727 0.041906 0.034172
0 0.645109 0.662539 0.030937 0.029547
0 0.610914 0.352867 0.037484 0.038422
0 0.511156 0.827008 0.029719 0.028109
0 0.801086 0.222453 0.030266 0.030969
0 0.952539 0.952539 0.029828 0.028141
0 0.903383 0.593516 0.029984 0.030563
0 0.274742 0.627133 0.032266 0.029547
0 0.885961 0.444969 0.032609 0.031219
0 0.108062 0.089398 0.037594 0.032766
0 0.242492 0.787820 0.051922 0.051078
0 0.630383 0.527211 0.042109 0.039516
0 0.852961 0.624594 0.028953 0.032156
0 0.872938 0.780359 0.028469 0.029156
0 0.302344 0.847430 0.039375 0.040109
0 0.574797 0.131555 0.031156 0.026891
0 0.188102 0.348742 0.032609 0.030641
0 0.830430 0.426773 0.027953 0.029641
0 0.231234 0.609031 0.037844 0.035219
0 0.367070 0.041414 0.028672 0.028391
0 0.475867 0.945797 0.029109 0.028969
0 0.590391 0.214078 0.030938 0.028500
0 0.788312 0.125141 0.030812 0.032594
0 0.654945 0.326398 0.027984 0.029859
0 0.271859 0.977164 0.042656 0.039109
0 0.517305 0.873789 0.026953 0.027297
0 0.276125 0.667766 0.033969 0.032656
0 0.664664 0.457398 0.031047 0.028234
0 0.021906 0.322500 0.035000 0.036094
0 0.504719 0.733445 0.030031 0.033703
0 0.141875 0.231406 0.041813 0.041344
0 0.842312 0.529414 0.029031 0.029891
0 0.453805 0.264008 0.047672 0.045578
0 0.404297 0.299117 0.045844 0.040391
0 0.987430 0.097766 0.025141 0.034937
0 0.505977 0.781062 0.025297 0.025938
0 0.219914 0.262641 0.027234 0.029344
0 0.623273 0.441750 0.031078 0.024469
0 0.076727 0.688945 0.040141 0.042453
0 0.564102 0.044664 0.039922 0.038797
0 0.317930 0.984031 0.045109 0.030937
0 0.879086 0.391563 0.028891 0.028563
0 0.257703 0.830453 0.045438 0.051344
0 0.484938 0.548883 0.030750 0.029891
0 0.904484 0.979352 0.027969 0.031734
0 0.461250 0.815312 0.028062 0.025969
0 0.217250 0.485109 0.030094 0.032344
0 0.986492 0.056031 0.027016 0.036062
0 0.580141 0.175289 0.027906 0.026984
0 0.464578 0.855578 0.024781 0.027187
0 0.267695 0.539273 0.028484 0.024922
0 0.807523 0.272680 0.029297 0.029609
0 0.691102 0.714562 0.028734 0.024563
0 0.977625 0.434484 0.043562 0.046594
0 0.596625 0.257281 0.035719 0.030156
0 0.984461 0.015289 0.030266 0.029828
0 0.203852 0.438539 0.037641 0.035609
0 0.565781 0.092734 0.028188 0.026344
0 0.007914 0.119766 0.015828 0.043687
0 0.011023 0.177898 0.022047 0.041109
0 0.198836 0.392242 0.034234 0.032828
0 0.238820 0.697578 0.031703 0.031250
0 0.773148 0.030273 0.032609 0.028891
0 0.217602 0.526148 0.032234 0.027578
0 0.016281 0.562305 0.031250 0.035078
0 0.959187 0.991078 0.041531 0.016781
0 0.480266 0.990703 0.030406 0.018031
0 0.440047 0.578227 0.025125 0.027109
0 0.010687 0.222227 0.021375 0.034328
0 0.386969 0.131781 0.043375 0.034688
0 0.447813 0.228070 0.036844 0.030297
0 0.837234 0.044539 0.027688 0.026078
