0 0.455727 0.120617 0.059172 0.052797
0 0.131438 0.022281 0.051406 0.043938
0 0.082422 0.507164 0.047187 0.041922
0 0.303789 0.410891 0.041516 0.039281
0 0.064258 0.769555 0.045984 0.041453
0 0.061242 0.859102 0.056547 0.049078
0 0.071969 0.596086 0.051562 0.044109
0 0.270336 0.083273 0.053953 0.044766
0 0.420305 0.558008 0.039609 0.041391
0 0.206336 0.934414 0.054234 0.050078
0 0.520078 0.101273 0.062125 0.056922
0 0.054766 0.143797 0.049469 0.049656
0 0.404211 0.722234 0.051297 0.041656
0 0.518844 0.019891 0.048406 0.039625
0 0.656633 0.734875 0.040203 0.037438
0 0.069812 0.684820 0.050969 0.044422
0 0.395781 0.808930 0.038750 0.035578
0 0.745266 0.127758 0.054250 0.049734
0 0.661602 0.641586 0.052297 0.046578
0 0.445000 0.250031 0.057750 0.052656
0 0.493914 0.361648 0.047984 0.039391
0 0.446805 0.871758 0.048391 0.043234
0 0.241781 0.382531 0.041250 0.036875
0 0.209133 0.808281 0.053203 0.040750
0 0.654055 0.912469 0.047359 0.040031
0 0.654023 0.823914 0.042016 0.037484
0 0.316859 0.241445 0.052250 0.048109
0 0.060805 0.908469 0.042391 0.038094
0 0.327227 0.111391 0.038953 0.036937
0 0.268437 0.909211 0.047344 0.040109
0 0.223430 0.643703 0.054859 0.047156
0 0.685445 0.148359 0.055328 0.046906
0 0.731297 0.397820 0.047031 0.044203
0 0.650469 0.958555 0.045969 0.040141
0 0.104977 0.278203 0.055859 0.052125
0 0.675547 0.372859 0.045125 0.041344
0 0.046219 0.242938 0.048313 0.046219
0 0.109336 0.175578 0.049672 0.050625
0 0.269609 0.750523 0.045594 0.041047
0 0.681633 0.194188 0.041672 0.038625
0 0.093297 0.374461 0.050187 0.042703
0 0.241781 0.423711 0.041312 0.036141
0 0.656359 0.780227 0.044156 0.042172
0 0.746234 0.045180 0.052031 0.045984
0 0.723359 0.530586 0.046125 0.045609
0 0.040078 0.294102 0.048625 0.045641
0 0.434461 0.424578 0.040766 0.037563
0 0.221813 0.598586 0.049813 0.040359
0 0.092055 0.461852 0.052234 0.042859
0 0.665312 0.550063 0.051250 0.050594
0 0.739344 0.349539 0.057875 0.048203
0 0.652781 0.867445 0.046062 0.039734
0 0.034156 0.386203 0.047656 0.039063
0 0.501266 0.274398 0.047625 0.043297
0 0.259797 0.210953 0.042094 0.037281
0 0.246813 0.337445 0.038563 0.035828
0 0.718430 0.624461 0.056109 0.045453
0 0.317461 0.194492 0.042734 0.036078
0 0.677359 0.285250 0.047813 0.046781
0 0.228188 0.502180 0.054531 0.049359
0 0.288414 0.574461 0.034953 0.038391
0 0.504133 0.194492 0.060422 0.062359
0 0.270531 0.956180 0.043656 0.039047
0 0.120242 0.077023 0.048266 0.048422
0 0.708820 0.710773 0.046578 0.040891
0 0.727031 0.486109 0.044375 0.037969
0 0.704961 0.757281 0.043734 0.036656
0 0.690664 0.017219 0.045266 0.034219
0 0.484414 0.487570 0.054453 0.046516
0 0.220562 0.686391 0.044406 0.037750
0 0.380383 0.977344 0.044266 0.040438
0 0.711734 0.939523 0.050781 0.047578
0 0.459398 0.748008 0.047203 0.036891
0 0.474953 0.528523 0.048969 0.043453
0 0.474695 0.577141 0.050703 0.045406
0 0.331250 0.067945 0.045250 0.037797
0 0.497672 0.319812 0.045719 0.035875
0 0.071602 0.638008 0.052984 0.044703
0 0.448562 0.165102 0.038656 0.030078
0 0.297102 0.451766 0.036891 0.031906
0 0.331430 0.025203 0.045297 0.039281
0 0.029047 0.429773 0.046469 0.041984
0 0.392789 0.852406 0.045266 0.040625
0 0.429023 0.510422 0.039828 0.037531
0 0.223930 0.551555 0.043359 0.039422
0 0.015797 0.609719 0.031156 0.038437
0 0.706742 0.803148 0.044578 0.042078
0 0.441586 0.296445 0.038984 0.034609
0 0.098852 0.328500 0.053391 0.047125
0 0.455820 0.826469 0.046672 0.039437
0 0.671297 0.460859 0.040750 0.036125
0 0.064195 0.089023 0.045234 0.042922
0 0.039734 0.340305 0.055375 0.046391
0 0.730211 0.444992 0.040922 0.036641
0 0.020070 0.524156 0.039953 0.042875
0 0.061734 0.952656 0.045250 0.040219
0 0.077461 0.550680 0.043578 0.036891
0 0.307297 0.367320 0.045406 0.036141
0 0.254523 0.256422 0.039828 0.038250
0 0.437352 0.338859 0.038641 0.034969
0 0.469656 0.662648 0.044719 0.038109
0 0.204492 0.980164 0.044672 0.038422
0 0.311102 0.327477 0.039547 0.030047
0 0.275391 0.037586 0.035313 0.034734
0 0.461180 0.784656 0.041359 0.034125
0 0.264055 0.125773 0.034203 0.032297
0 0.745211 0.215992 0.056016 0.047484
0 0.474055 0.620984 0.043328 0.034156
0 0.668211 0.503414 0.049797 0.041984
0 0.690484 0.062664 0.042719 0.039016
0 0.657797 0.690703 0.046344 0.040125
0 0.264602 0.869687 0.039703 0.031406
0 0.400141 0.764094 0.035281 0.032125
0 0.460898 0.036828 0.037672 0.032531
0 0.268750 0.830266 0.044187 0.036688
0 0.024383 0.477539 0.047859 0.049172
0 0.064344 0.814242 0.044813 0.039234
0 0.204852 0.889016 0.046984 0.038906
0 0.074945 0.040055 0.048359 0.046016
0 0.723734 0.576750 0.038594 0.036219
0 0.292078 0.492484 0.041469 0.034594
0 0.465219 0.703531 0.046344 0.043219
0 0.207477 0.849641 0.042484 0.036094
0 0.048820 0.192242 0.040453 0.038266
0 0.436523 0.379375 0.037484 0.031406
0 0.114805 0.126516 0.049609 0.039062
0 0.062992 0.724688 0.041578 0.034406
0 0.712883 0.984383 0.047266 0.030859
0 0.249711 0.296141 0.032266 0.028437
0 0.491195 0.401969 0.050953 0.039844
0 0.489531 0.444445 0.047656 0.040953
0 0.710234 0.889234 0.044625 0.041969
0 0.015555 0.784117 0.030359 0.038172
0 0.286648 0.530305 0.037828 0.031766
0 0.429391 0.467102 0.033219 0.032516
0 0.741031 0.303461 0.048750 0.041984
0 0.211813 0.726680 0.041594 0.037078
0 0.455953 0.076125 0.037531 0.033000
0 0.313023 0.287984 0.049953 0.040781
0 0.261516 0.167297 0.042156 0.036438
0 0.323437 0.154266 0.043000 0.034281
0 0.708094 0.845859 0.030875 0.028844
0 0.387789 0.932070 0.040547 0.036266
0 0.389289 0.891992 0.048328 0.036547
0 0.710156 0.669852 0.046719 0.040641
0 0.273242 0.791547 0.036547 0.030563
0 0.092391 0.417492 0.043562 0.033422
0 0.674617 0.418375 0.043234 0.037875
0 0.016695 0.922703 0.033016 0.047094
0 0.740156 0.084898 0.037563 0.031516
0 0.447508 0.205438 0.039172 0.034500
0 0.679836 0.237547 0.042734 0.034125
0 0.517406 0.060062 0.032156 0.029187
0 0.414961 0.604797 0.039016 0.038594
0 0.018656 0.655219 0.037125 0.045969
0 0.208406 0.766164 0.043156 0.038109
0 0.443648 0.919063 0.048547 0.047844
0 0.686742 0.103477 0.052609 0.040172
0 0.409781 0.684070 0.045625 0.043172
0 0.238164 0.462352 0.031672 0.028266
0 0.014695 0.743305 0.028828 0.038859
0 0.017430 0.566586 0.033859 0.033234
0 0.014438 0.968820 0.028156 0.041734
0 0.648563 0.991906 0.050687 0.015187
0 0.678422 0.328359 0.048031 0.034313
0 0.013273 0.828797 0.026547 0.043562
0 0.054297 0.990289 0.038750 0.018203
0 0.266078 0.991289 0.044469 0.016266
0 0.745727 0.008125 0.036797 0.016250
0 0.464102 0.007180 0.036641 0.014359
0 0.511508 0.150711 0.043984 0.038609
0 0.439500 0.957805 0.062437 0.051328
