0 0.192484 0.320758 0.049219 0.049109
0 0.458516 0.310008 0.053437 0.044609
0 0.170836 0.659633 0.047484 0.043547
0 0.179727 0.559633 0.047484 0.043797
0 0.272133 0.059937 0.046016 0.043844
0 0.154984 0.859547 0.047063 0.044031
0 0.373000 0.646648 0.043187 0.042297
0 0.427898 0.773359 0.043297 0.043094
0 0.216625 0.885133 0.045406 0.044734
0 0.416391 0.971430 0.043562 0.046547
0 0.068234 0.185445 0.053062 0.045109
0 0.271367 0.109195 0.042359 0.036984
0 0.168125 0.710297 0.042281 0.037625
0 0.425750 0.721414 0.042156 0.042703
0 0.164656 0.758742 0.040750 0.041703
0 0.021047 0.061508 0.041938 0.046172
0 0.419688 0.921570 0.044500 0.042609
0 0.375258 0.596211 0.042297 0.043109
0 0.257859 0.244672 0.052219 0.048844
0 0.393562 0.333563 0.037562 0.036750
0 0.246234 0.398781 0.040219 0.036312
0 0.224898 0.786898 0.041391 0.039078
0 0.150469 0.911414 0.041688 0.038641
0 0.053477 0.322828 0.046016 0.044031
0 0.355578 0.944281 0.042937 0.045813
0 0.180367 0.611437 0.046609 0.038500
0 0.466422 0.020547 0.049375 0.040906
0 0.358344 0.895086 0.048156 0.050016
0 0.211859 0.081891 0.040906 0.039000
0 0.070719 0.138156 0.046469 0.040563
0 0.210328 0.936820 0.046625 0.043609
0 0.383375 0.434625 0.048687 0.045906
0 0.429570 0.865687 0.042828 0.045344
0 0.463945 0.069680 0.038484 0.036641
0 0.205484 0.172172 0.037656 0.035781
0 0.204391 0.218375 0.041625 0.037344
0 0.031578 0.626656 0.056125 0.048906
0 0.081008 0.046703 0.037203 0.037219
0 0.023305 0.758039 0.041141 0.038234
0 0.224633 0.833570 0.038578 0.041547
0 0.443445 0.528500 0.049203 0.044156
0 0.394852 0.276016 0.038641 0.039531
0 0.235039 0.643031 0.039703 0.038781
0 0.232008 0.739359 0.048172 0.042281
0 0.048914 0.412086 0.039797 0.036797
0 0.235125 0.689492 0.045812 0.044328
0 0.252195 0.299602 0.035234 0.035016
0 0.240023 0.544430 0.038141 0.038578
0 0.185781 0.376039 0.048969 0.043641
0 0.238789 0.595711 0.032797 0.033797
0 0.251859 0.352234 0.038938 0.039594
0 0.401117 0.087883 0.037234 0.034766
0 0.455742 0.355875 0.040359 0.036250
0 0.434195 0.628172 0.041109 0.041375
0 0.189352 0.423922 0.044141 0.044750
0 0.401633 0.136977 0.038141 0.034891
0 0.364063 0.746719 0.041344 0.038656
0 0.074063 0.093148 0.036000 0.037266
0 0.215156 0.037508 0.040312 0.035297
0 0.249031 0.444914 0.047812 0.039547
0 0.148617 0.951797 0.034672 0.031312
0 0.040195 0.493680 0.040047 0.040516
0 0.364070 0.838516 0.038609 0.036719
0 0.213906 0.127578 0.036469 0.032125
0 0.459625 0.213766 0.036750 0.036062
0 0.269305 0.156094 0.047297 0.040375
0 0.242305 0.491047 0.046016 0.046437
0 0.438883 0.578031 0.040297 0.038594
0 0.200133 0.264688 0.036828 0.032531
0 0.448914 0.461156 0.034422 0.032156
0 0.019492 0.015258 0.034047 0.029953
0 0.061609 0.229070 0.035250 0.031703
0 0.405969 0.037367 0.035562 0.035328
0 0.459047 0.117094 0.040906 0.038750
0 0.457984 0.163445 0.037500 0.038609
0 0.378297 0.550133 0.033969 0.031203
0 0.181281 0.469070 0.037062 0.033797
0 0.052148 0.366766 0.036734 0.031031
0 0.392953 0.183586 0.038438 0.040859
0 0.424961 0.816164 0.034953 0.030078
0 0.426094 0.674656 0.034719 0.031562
0 0.458523 0.261180 0.037016 0.034734
0 0.164375 0.805547 0.034062 0.035625
0 0.037367 0.538813 0.034047 0.033625
0 0.014313 0.107383 0.027906 0.034484
0 0.207773 0.982414 0.039016 0.033609
0 0.026953 0.671992 0.034375 0.033297
0 0.449773 0.402484 0.037547 0.035406
0 0.185492 0.512445 0.034297 0.032484
0 0.013891 0.199805 0.027281 0.047734
0 0.018516 0.843203 0.034937 0.037281
0 0.396656 0.235063 0.030688 0.027531
0 0.046414 0.450984 0.033797 0.027562
0 0.015211 0.890719 0.029609 0.035219
0 0.350195 0.987078 0.035922 0.025625
0 0.033383 0.580766 0.024922 0.023687
0 0.371477 0.691742 0.032422 0.030141
0 0.390437 0.377266 0.030438 0.030125
0 0.366797 0.789656 0.031062 0.029594
0 0.264195 0.194250 0.034609 0.030594
0 0.025281 0.713805 0.040625 0.033828
0 0.011711 0.934930 0.023422 0.036172
0 0.017828 0.799398 0.026187 0.028859
0 0.014906 0.149977 0.028906 0.033391
0 0.011078 0.249148 0.022156 0.043078
0 0.011180 0.980937 0.022359 0.037031
