0 0.291953 0.991523 0.035625 0.016016
0 0.676875 0.670359 0.050281 0.048344
0 0.717422 0.584219 0.047531 0.043156
0 0.305680 0.772734 0.039859 0.046719
0 0.954164 0.796625 0.041609 0.040125
0 0.568063 0.907805 0.043625 0.040328
0 0.044055 0.662984 0.039672 0.039719
0 0.020227 0.408750 0.038016 0.042719
0 0.545070 0.703969 0.045797 0.045344
0 0.067672 0.370789 0.038781 0.037734
0 0.488719 0.258047 0.045188 0.043656
0 0.227250 0.396586 0.040219 0.040609
0 0.501906 0.786992 0.037875 0.038203
0 0.721078 0.636984 0.043063 0.038875
0 0.640531 0.296844 0.037625 0.038719
0 0.507656 0.836484 0.039625 0.037500
0 0.235289 0.597586 0.040266 0.036016
0 0.484016 0.687289 0.038125 0.035922
0 0.472156 0.085148 0.033188 0.037484
0 0.043617 0.061531 0.036172 0.034719
0 0.900938 0.300586 0.040625 0.040078
0 0.655703 0.510484 0.034594 0.037781
0 0.052289 0.720617 0.037453 0.036109
0 0.436195 0.233812 0.036328 0.036094
0 0.140320 0.934867 0.035766 0.035484
0 0.100367 0.685969 0.037828 0.038812
0 0.691000 0.266148 0.042000 0.043047
0 0.685086 0.722641 0.041672 0.038156
0 0.215109 0.245672 0.036125 0.038719
0 0.064258 0.810648 0.034547 0.035266
0 0.045406 0.113719 0.037250 0.035219
0 0.089891 0.634547 0.036375 0.037063
0 0.231875 0.447750 0.034750 0.034000
0 0.273680 0.952914 0.038453 0.037984
0 0.645367 0.397422 0.035391 0.033937
0 0.262586 0.164211 0.034891 0.033734
0 0.449320 0.385016 0.032422 0.034625
0 0.290187 0.625555 0.036750 0.036766
0 0.286438 0.570000 0.034000 0.034125
0 0.835656 0.237375 0.034813 0.035563
0 0.517180 0.893195 0.037641 0.036797
0 0.263336 0.214242 0.033203 0.034391
0 0.121875 0.824211 0.035906 0.034547
0 0.248055 0.756281 0.038078 0.036094
0 0.259086 0.110414 0.034734 0.033203
0 0.849227 0.337766 0.033641 0.032500
0 0.706664 0.473625 0.033453 0.033250
0 0.082156 0.970641 0.035437 0.035750
0 0.683367 0.108180 0.033578 0.034516
0 0.856305 0.389086 0.033891 0.032641
0 0.078492 0.531680 0.033984 0.034016
0 0.550320 0.757781 0.032172 0.032219
0 0.321641 0.876125 0.029406 0.032750
0 0.889242 0.732344 0.033891 0.034719
0 0.520289 0.944156 0.032734 0.035063
0 0.822078 0.036508 0.036875 0.035266
0 0.670875 0.049133 0.033781 0.033016
0 0.532758 0.649375 0.034422 0.035406
0 0.262023 0.857781 0.034016 0.032344
0 0.271641 0.363516 0.031844 0.034687
0 0.207352 0.139625 0.036484 0.037125
0 0.889836 0.203656 0.030641 0.031625
0 0.893242 0.249094 0.033203 0.034062
0 0.231578 0.548570 0.034156 0.035609
0 0.016156 0.350227 0.031187 0.037359
0 0.469680 0.035461 0.033734 0.032734
0 0.085578 0.576531 0.034969 0.035531
0 0.049883 0.160680 0.032109 0.031516
0 0.275625 0.466977 0.032063 0.032828
0 0.706602 0.929242 0.033141 0.032828
0 0.211805 0.193266 0.035547 0.036000
0 0.870117 0.539742 0.033047 0.031922
0 0.910211 0.351648 0.032172 0.030422
0 0.646602 0.451250 0.031641 0.033812
0 0.059391 0.763594 0.035625 0.031875
0 0.297312 0.724086 0.032313 0.035484
0 0.874031 0.590773 0.033250 0.030266
0 0.253945 0.014836 0.041797 0.029203
0 0.916344 0.409133 0.028719 0.030797
0 0.269734 0.904141 0.033500 0.030969
0 0.070406 0.861805 0.032937 0.033422
0 0.560187 0.852109 0.030750 0.031719
0 0.498289 0.403047 0.030484 0.030906
0 0.679086 0.158781 0.031203 0.032188
0 0.881211 0.054617 0.035484 0.033453
0 0.444031 0.333984 0.031813 0.031781
0 0.254477 0.805406 0.033578 0.034813
0 0.555977 0.801977 0.033422 0.032828
0 0.470867 0.140445 0.034141 0.033297
0 0.430672 0.174664 0.032219 0.033453
0 0.240477 0.653453 0.033516 0.036469
0 0.120602 0.775391 0.033484 0.030031
0 0.664508 0.564500 0.033203 0.032344
0 0.217039 0.339617 0.032172 0.032953
0 0.956547 0.903187 0.034281 0.034875
0 0.684937 0.213023 0.032500 0.031016
0 0.495891 0.351633 0.029750 0.030672
0 0.701562 0.418922 0.032969 0.034031
0 0.013250 0.247016 0.025938 0.042969
0 0.276078 0.412000 0.030594 0.029438
0 0.057750 0.265352 0.031750 0.030859
0 0.925086 0.456437 0.033109 0.032094
0 0.637422 0.246742 0.033312 0.032203
0 0.754430 0.905734 0.032109 0.032563
0 0.944992 0.698922 0.034078 0.033031
0 0.631094 0.086609 0.031281 0.032000
0 0.695031 0.316211 0.031906 0.030609
0 0.075617 0.915031 0.031578 0.030813
0 0.332609 0.926625 0.031656 0.030438
0 0.057695 0.215547 0.034328 0.031781
0 0.253250 0.058117 0.030188 0.031172
0 0.825930 0.139867 0.033109 0.033578
0 0.889898 0.152828 0.030734 0.029812
0 0.132914 0.878094 0.028766 0.030094
0 0.292500 0.675055 0.030406 0.034484
0 0.758578 0.949250 0.029531 0.029531
0 0.938359 0.602688 0.029937 0.028125
0 0.067125 0.317484 0.031813 0.030750
0 0.105820 0.735453 0.030672 0.030625
0 0.524125 0.604094 0.028219 0.030156
0 0.278344 0.515555 0.029438 0.032922
0 0.883742 0.109328 0.031578 0.030187
0 0.245859 0.701609 0.035156 0.031906
0 0.490750 0.736961 0.030687 0.032234
0 0.571875 0.963539 0.028438 0.028984
0 0.025359 0.458023 0.030312 0.032547
0 0.894750 0.777352 0.031125 0.029578
0 0.200961 0.038297 0.033891 0.031937
0 0.205664 0.091156 0.029984 0.028813
0 0.440820 0.285938 0.029016 0.030656
0 0.836906 0.188930 0.030969 0.029422
0 0.427625 0.065664 0.030000 0.030734
0 0.709648 0.525687 0.027859 0.030031
0 0.943195 0.649219 0.030422 0.031906
0 0.928570 0.500984 0.028203 0.028750
0 0.465547 0.484578 0.029469 0.032188
0 0.477758 0.196930 0.029266 0.031391
0 0.639648 0.346484 0.029828 0.031719
0 0.468602 0.537922 0.027078 0.030281
0 0.694375 0.882727 0.029531 0.029953
0 0.859695 0.442703 0.032172 0.026906
0 0.029133 0.511422 0.029297 0.031656
0 0.630000 0.140836 0.026969 0.028047
0 0.316758 0.825484 0.026578 0.030594
0 0.230563 0.495992 0.030563 0.030391
0 0.518555 0.555813 0.032484 0.035969
0 0.034961 0.561727 0.028234 0.030891
0 0.690594 0.831750 0.030563 0.030406
0 0.878273 0.640031 0.031141 0.029312
0 0.491563 0.307156 0.028437 0.027406
0 0.518094 0.506102 0.025531 0.025641
0 0.747023 0.850859 0.027422 0.028688
0 0.069234 0.421594 0.029781 0.031094
0 0.703688 0.369695 0.028375 0.030297
0 0.427383 0.120602 0.028578 0.030703
0 0.903711 0.884047 0.029641 0.032437
0 0.218242 0.294469 0.028141 0.027219
0 0.844148 0.286406 0.025078 0.027281
0 0.617797 0.027117 0.030594 0.030172
0 0.881469 0.680836 0.028406 0.026172
0 0.865883 0.484180 0.027672 0.029766
0 0.074727 0.478781 0.026953 0.027062
0 0.729547 0.690563 0.028531 0.031375
0 0.931188 0.550891 0.028688 0.029813
0 0.954766 0.743570 0.026750 0.025984
0 0.038461 0.012906 0.037359 0.025594
0 0.507008 0.456328 0.028203 0.028188
0 0.964063 0.960875 0.026656 0.029531
0 0.350148 0.967344 0.028359 0.030813
0 0.636211 0.190930 0.031141 0.029422
0 0.039734 0.612187 0.026531 0.028156
0 0.141273 0.983086 0.030984 0.032578
0 0.689227 0.776070 0.030828 0.030609
0 0.470570 0.587609 0.026484 0.028187
0 0.909242 0.986992 0.041984 0.024484
0 0.667273 0.616164 0.026984 0.027797
0 0.476383 0.637742 0.027359 0.027297
0 0.900891 0.829953 0.031406 0.029312
0 0.957453 0.850492 0.025688 0.027828
0 0.517039 0.987805 0.028891 0.024391
0 0.418586 0.017164 0.030047 0.027828
0 0.739898 0.794531 0.028422 0.029125
0 0.907117 0.935750 0.027203 0.030594
0 0.741484 0.741953 0.028781 0.027031
0 0.711578 0.978789 0.032375 0.033266
0 0.458039 0.438055 0.026172 0.028672
0 0.822828 0.091820 0.032562 0.031297
0 0.008508 0.197406 0.017016 0.028313
