0 0.313609 0.424820 0.063813 0.061859
0 0.707305 0.350625 0.059641 0.063563
0 0.091383 0.872219 0.052641 0.047125
0 0.208945 0.046414 0.053328 0.043797
0 0.514570 0.156539 0.057797 0.046859
0 0.709688 0.094617 0.054031 0.048078
0 0.703961 0.244578 0.054547 0.053719
0 0.320883 0.267930 0.054891 0.053359
0 0.704195 0.406570 0.045047 0.042266
0 0.765570 0.384477 0.054297 0.055234
0 0.161148 0.946766 0.050016 0.043531
0 0.508031 0.320367 0.044844 0.044266
0 0.770570 0.025258 0.058547 0.050516
0 0.705586 0.148820 0.044516 0.039203
0 0.382156 0.298484 0.048219 0.039219
0 0.702703 0.512180 0.044781 0.041141
0 0.894328 0.824687 0.044531 0.038937
0 0.705531 0.194937 0.047500 0.041188
0 0.370133 0.707531 0.050859 0.046000
0 0.145086 0.116266 0.053547 0.048313
0 0.375094 0.561945 0.051688 0.050828
0 0.210312 0.094789 0.050844 0.046266
0 0.705891 0.294664 0.045094 0.040234
0 0.515602 0.209234 0.054859 0.049906
0 0.379031 0.397062 0.049062 0.048125
0 0.317477 0.369219 0.052203 0.045000
0 0.378055 0.346023 0.042859 0.038922
0 0.368617 0.759828 0.046859 0.045594
0 0.554898 0.459398 0.056828 0.055547
0 0.953227 0.497031 0.043141 0.038844
0 0.580383 0.042422 0.048859 0.043375
0 0.314547 0.485578 0.048438 0.039781
0 0.894836 0.297992 0.046859 0.043797
0 0.563906 0.348688 0.059469 0.051719
0 0.503812 0.427680 0.049531 0.052734
0 0.323336 0.320617 0.041984 0.040328
0 0.205297 0.144445 0.049500 0.043891
0 0.900859 0.248172 0.045063 0.037906
0 0.543594 0.809281 0.045469 0.046188
0 0.495633 0.591336 0.055172 0.051016
0 0.194633 0.410414 0.043859 0.041172
0 0.379398 0.193852 0.049453 0.049766
0 0.556336 0.515055 0.065922 0.059797
0 0.767555 0.226156 0.061109 0.053344
0 0.742102 0.884625 0.048547 0.048125
0 0.318375 0.213086 0.044094 0.041453
0 0.096453 0.823398 0.046875 0.039484
0 0.312875 0.684367 0.038531 0.038016
0 0.765711 0.325773 0.046578 0.041859
0 0.130836 0.386563 0.050047 0.040906
0 0.204016 0.281000 0.049969 0.043094
0 0.313234 0.632242 0.048250 0.040922
0 0.699555 0.455945 0.049984 0.046172
0 0.179609 0.544523 0.048125 0.039859
0 0.309484 0.781602 0.043406 0.040484
0 0.163195 0.898703 0.045359 0.042437
0 0.151992 0.063711 0.056641 0.048703
0 0.510000 0.266453 0.051531 0.049219
0 0.381477 0.246180 0.042016 0.042109
0 0.685352 0.953086 0.053641 0.050453
0 0.314187 0.729453 0.047219 0.045688
0 0.569844 0.242781 0.046969 0.044906
0 0.493016 0.832648 0.040875 0.036328
0 0.898016 0.345094 0.048500 0.038125
0 0.710313 0.048500 0.042906 0.037219
0 0.689945 0.809320 0.052422 0.052328
0 0.172430 0.674094 0.042516 0.037781
0 0.088281 0.970094 0.051688 0.053781
0 0.310352 0.930047 0.043266 0.046250
0 0.576781 0.136922 0.053844 0.046250
0 0.382937 0.038797 0.046594 0.044031
0 0.375125 0.508531 0.036156 0.034281
0 0.521961 0.018547 0.057203 0.037062
0 0.168656 0.756883 0.045969 0.037391
0 0.314008 0.583031 0.036828 0.036219
0 0.496328 0.537141 0.046375 0.046312
0 0.760031 0.487719 0.042563 0.038781
0 0.692922 0.610805 0.042250 0.039266
0 0.321508 0.063211 0.042203 0.039828
0 0.123016 0.474977 0.041219 0.037484
0 0.949461 0.761672 0.052297 0.045437
0 0.565250 0.296992 0.039250 0.039266
0 0.739641 0.935508 0.045688 0.044328
0 0.365969 0.901375 0.045531 0.042188
0 0.748062 0.587141 0.040406 0.037906
0 0.949094 0.582437 0.039594 0.035969
0 0.310586 0.529969 0.037828 0.042219
0 0.107727 0.648680 0.044016 0.035766
0 0.743062 0.690836 0.048375 0.044516
0 0.891937 0.645469 0.052906 0.044594
0 0.137859 0.294633 0.047469 0.041422
0 0.188930 0.460023 0.038516 0.039297
0 0.576594 0.188539 0.053750 0.051672
0 0.368586 0.852961 0.043891 0.041203
0 0.958664 0.321000 0.044141 0.042125
0 0.896750 0.906672 0.037344 0.034000
0 0.768125 0.077445 0.048031 0.043859
0 0.176289 0.629836 0.047203 0.042359
0 0.550055 0.573406 0.058578 0.052250
0 0.957930 0.412008 0.040578 0.036453
0 0.501141 0.369633 0.040344 0.038391
0 0.898203 0.435922 0.043094 0.041844
0 0.959187 0.274258 0.047781 0.037234
0 0.546609 0.904297 0.042188 0.046031
0 0.692727 0.711187 0.040234 0.038344
0 0.318078 0.164094 0.044156 0.041719
0 0.742820 0.835523 0.049422 0.045453
0 0.086633 0.919156 0.046859 0.039125
0 0.948555 0.668758 0.040172 0.039297
0 0.739352 0.786719 0.049797 0.051625
0 0.183523 0.501148 0.049641 0.041828
0 0.309844 0.828711 0.042000 0.042172
0 0.693078 0.758984 0.042594 0.037156
0 0.163180 0.852063 0.054047 0.046875
0 0.157234 0.015945 0.039031 0.031328
0 0.951547 0.807633 0.037562 0.033109
0 0.950578 0.851063 0.036594 0.035313
0 0.956445 0.935812 0.035484 0.034344
0 0.491297 0.972797 0.039000 0.039031
0 0.560391 0.400969 0.044750 0.042625
0 0.163977 0.802250 0.055578 0.046375
0 0.515203 0.061609 0.039281 0.036813
0 0.495898 0.787047 0.044609 0.038406
0 0.892695 0.735336 0.039516 0.039266
0 0.686117 0.902805 0.047203 0.044641
0 0.695445 0.565078 0.039609 0.038969
0 0.747344 0.640500 0.052156 0.047625
0 0.499367 0.483602 0.044422 0.035141
0 0.202328 0.189125 0.055906 0.050687
0 0.949789 0.625109 0.048766 0.040906
0 0.323508 0.113477 0.047797 0.042766
0 0.206430 0.235781 0.051078 0.040062
0 0.385469 0.090602 0.045375 0.042641
0 0.178523 0.584891 0.038516 0.033812
0 0.200219 0.324859 0.039500 0.034875
0 0.901141 0.161656 0.046219 0.043250
0 0.764711 0.274906 0.037859 0.036969
0 0.549719 0.619633 0.037438 0.035234
0 0.327187 0.014844 0.048281 0.029406
0 0.127180 0.427383 0.050672 0.043203
0 0.693633 0.661867 0.045609 0.046109
0 0.114602 0.563297 0.045859 0.041219
0 0.550906 0.716609 0.045281 0.046094
0 0.139305 0.341422 0.052516 0.047000
0 0.551305 0.664836 0.048016 0.042766
0 0.146563 0.208437 0.034000 0.032719
0 0.110352 0.733273 0.051828 0.040891
0 0.759445 0.441789 0.045016 0.041359
0 0.309688 0.879828 0.037844 0.039469
0 0.770797 0.128172 0.047875 0.048000
0 0.897969 0.203539 0.032781 0.028297
0 0.108477 0.607820 0.046078 0.038359
0 0.744156 0.737078 0.043313 0.037219
0 0.949984 0.715328 0.037375 0.034156
0 0.169156 0.714039 0.039000 0.033516
0 0.899500 0.388539 0.038844 0.035672
0 0.496164 0.876766 0.042859 0.038938
0 0.895312 0.560273 0.038719 0.032609
0 0.893812 0.950414 0.034281 0.032078
0 0.143023 0.167648 0.046703 0.044172
0 0.100711 0.776938 0.046734 0.043812
0 0.495086 0.927328 0.043016 0.040531
0 0.890969 0.517281 0.036906 0.033719
0 0.548281 0.762430 0.031937 0.031016
0 0.890570 0.779219 0.030766 0.030719
0 0.495047 0.640258 0.044781 0.041391
0 0.895094 0.478477 0.029125 0.026953
0 0.496914 0.689883 0.038578 0.037641
0 0.495258 0.739758 0.040703 0.041266
0 0.138539 0.251844 0.043359 0.039781
0 0.956484 0.226922 0.038813 0.037375
0 0.766656 0.178094 0.040344 0.037312
0 0.958555 0.365125 0.042984 0.037344
0 0.156133 0.986109 0.044047 0.027250
0 0.890953 0.600359 0.037906 0.032250
0 0.118898 0.518625 0.042797 0.036844
0 0.364961 0.804328 0.031953 0.029531
0 0.376883 0.453422 0.046391 0.044281
0 0.903047 0.067102 0.039281 0.036734
0 0.384828 0.139234 0.042031 0.040875
0 0.106047 0.687344 0.045313 0.036437
0 0.314219 0.977844 0.037281 0.039000
0 0.198258 0.365281 0.041984 0.038187
0 0.954813 0.891664 0.033250 0.028922
0 0.547227 0.953047 0.038172 0.039875
0 0.955641 0.184305 0.030969 0.028859
0 0.962906 0.043016 0.037688 0.037344
0 0.956836 0.135422 0.038578 0.034813
0 0.952406 0.537531 0.030469 0.031438
0 0.894109 0.108750 0.032250 0.031156
0 0.889281 0.690063 0.033938 0.030563
0 0.741414 0.981500 0.049547 0.035375
0 0.367242 0.660266 0.031141 0.029000
0 0.760219 0.540195 0.037094 0.038891
0 0.570359 0.088961 0.048750 0.041797
0 0.896148 0.865328 0.036891 0.026875
0 0.369992 0.615687 0.028391 0.026219
0 0.514648 0.105680 0.026578 0.025797
0 0.715289 0.011555 0.041859 0.022984
0 0.578539 0.006844 0.042203 0.013688
0 0.540906 0.990875 0.034687 0.017281
