0 0.140172 0.171352 0.046594 0.045141
0 0.645602 0.821555 0.062047 0.055859
0 0.574055 0.192789 0.055516 0.052922
0 0.956961 0.546773 0.046672 0.044453
0 0.231648 0.922336 0.048641 0.043609
0 0.719016 0.723047 0.047500 0.042406
0 0.931234 0.820453 0.050469 0.046813
0 0.706875 0.849602 0.053594 0.047703
0 0.676703 0.521672 0.053469 0.044844
0 0.730133 0.596914 0.053391 0.043797
0 0.772070 0.240773 0.057578 0.052297
0 0.284156 0.206609 0.059219 0.047937
0 0.307617 0.669414 0.056109 0.052297
0 0.117289 0.543828 0.044172 0.039719
0 0.312930 0.623094 0.044016 0.037094
0 0.854922 0.943641 0.048969 0.049375
0 0.534430 0.695344 0.051953 0.042844
0 0.584500 0.098461 0.043375 0.041828
0 0.102813 0.749031 0.038187 0.034688
0 0.975109 0.333148 0.043281 0.041391
0 0.326852 0.382820 0.050109 0.049328
0 0.070398 0.396773 0.050109 0.037953
0 0.347687 0.197320 0.037438 0.038609
0 0.724930 0.124375 0.044484 0.041219
0 0.530430 0.112094 0.042141 0.039750
0 0.302664 0.720164 0.045609 0.043859
0 0.731203 0.548719 0.044031 0.040906
0 0.289820 0.899750 0.040703 0.042437
0 0.933602 0.768375 0.046109 0.044781
0 0.892594 0.685469 0.052750 0.046469
0 0.268250 0.486625 0.052000 0.047438
0 0.692633 0.435172 0.043109 0.037937
0 0.472406 0.796828 0.055094 0.045187
0 0.325617 0.334719 0.038828 0.037531
0 0.657227 0.731188 0.060641 0.051125
0 0.358148 0.101086 0.043453 0.044609
0 0.241156 0.821883 0.046938 0.040016
0 0.075875 0.947898 0.040812 0.036297
0 0.540070 0.612070 0.056859 0.048016
0 0.909172 0.974484 0.049031 0.048312
0 0.565695 0.286836 0.040016 0.036203
0 0.785406 0.109391 0.043781 0.036656
0 0.526102 0.821906 0.038891 0.036625
0 0.235914 0.870391 0.047453 0.048625
0 0.243766 0.734656 0.059062 0.050500
0 0.481086 0.583516 0.044891 0.038344
0 0.900188 0.562180 0.049125 0.042172
0 0.023813 0.960602 0.046156 0.044203
0 0.069914 0.317656 0.058266 0.053969
0 0.459484 0.961750 0.043000 0.042437
0 0.269797 0.300977 0.064656 0.060734
0 0.744250 0.505328 0.058781 0.054219
0 0.147031 0.098547 0.051000 0.045500
0 0.688805 0.388375 0.064703 0.048656
0 0.963555 0.462859 0.034703 0.034063
0 0.117180 0.585992 0.041703 0.036953
0 0.698219 0.343117 0.043250 0.045734
0 0.707664 0.900180 0.039516 0.037297
0 0.157672 0.020180 0.058406 0.040359
0 0.577227 0.143562 0.043266 0.039687
0 0.109328 0.661211 0.041031 0.034859
0 0.080578 0.185312 0.048219 0.041531
0 0.662875 0.648422 0.066563 0.056125
0 0.985234 0.247992 0.029531 0.039609
0 0.284570 0.949469 0.038422 0.037375
0 0.331352 0.286781 0.042766 0.040437
0 0.307047 0.064789 0.054312 0.050266
0 0.556523 0.372781 0.040703 0.037375
0 0.934000 0.180195 0.043500 0.040828
0 0.929391 0.261305 0.039344 0.035078
0 0.294687 0.163031 0.038156 0.036187
0 0.801406 0.019109 0.037937 0.036469
0 0.091953 0.826680 0.043656 0.042891
0 0.498211 0.386234 0.042422 0.036656
0 0.915844 0.392453 0.040219 0.038562
0 0.545328 0.033109 0.046312 0.038906
0 0.921273 0.348477 0.041922 0.037297
0 0.279305 0.255102 0.054922 0.042516
0 0.920195 0.876844 0.047766 0.047937
0 0.774109 0.191352 0.045594 0.044609
0 0.508727 0.300930 0.040484 0.038016
0 0.126531 0.463633 0.043344 0.041297
0 0.758922 0.374234 0.061594 0.053187
0 0.520359 0.948852 0.039313 0.030172
0 0.317906 0.576063 0.039469 0.038844
0 0.722078 0.213539 0.038844 0.038141
0 0.046609 0.763531 0.041094 0.038688
0 0.944625 0.087031 0.044125 0.038406
0 0.301063 0.114750 0.051531 0.046031
0 0.264437 0.541242 0.049094 0.047734
0 0.108734 0.702164 0.040719 0.037266
0 0.251891 0.592125 0.050875 0.049844
0 0.516570 0.206211 0.036141 0.038172
0 0.368055 0.053305 0.049422 0.041578
0 0.948742 0.718219 0.054578 0.051906
0 0.133500 0.260867 0.055156 0.044484
0 0.725711 0.635898 0.042672 0.035109
0 0.476680 0.711906 0.037984 0.034750
0 0.747703 0.460258 0.038313 0.034641
0 0.737898 0.036492 0.034641 0.034359
0 0.075266 0.273203 0.048156 0.036094
0 0.530938 0.776656 0.050156 0.041969
0 0.875164 0.839703 0.048016 0.046094
0 0.755062 0.419648 0.046406 0.039516
0 0.528813 0.865367 0.040750 0.038828
0 0.791773 0.064766 0.048953 0.042812
0 0.077594 0.906945 0.039563 0.035766
0 0.767352 0.291023 0.043047 0.040797
0 0.075922 0.229664 0.046594 0.040359
0 0.318602 0.466969 0.038047 0.042687
0 0.864187 0.888781 0.044406 0.042344
0 0.959680 0.503406 0.034234 0.030375
0 0.570914 0.243000 0.039484 0.035594
0 0.496758 0.425219 0.041391 0.032437
0 0.301805 0.763867 0.042359 0.039516
0 0.886219 0.735602 0.041906 0.037391
0 0.699359 0.980531 0.052000 0.037438
0 0.492328 0.466336 0.034531 0.034672
0 0.246688 0.688875 0.043219 0.041344
0 0.952320 0.628328 0.041578 0.035594
0 0.551617 0.413648 0.035891 0.027703
0 0.136937 0.217906 0.054813 0.044938
0 0.046219 0.719461 0.027562 0.026484
0 0.969992 0.376688 0.038922 0.035844
0 0.518633 0.985242 0.044828 0.028797
0 0.127656 0.342086 0.040594 0.035453
0 0.547094 0.451148 0.041156 0.037891
0 0.499602 0.344984 0.043734 0.035125
0 0.050594 0.680828 0.036406 0.032813
0 0.687727 0.478242 0.046766 0.039359
0 0.118031 0.625211 0.038656 0.032953
0 0.781461 0.148313 0.040016 0.030969
0 0.940453 0.134211 0.036437 0.030766
0 0.908734 0.476719 0.035187 0.033156
0 0.486234 0.508539 0.033437 0.028828
0 0.129562 0.301117 0.051875 0.042453
0 0.129531 0.383742 0.042156 0.033078
0 0.296727 0.809703 0.025141 0.029531
0 0.468508 0.835656 0.044703 0.037500
0 0.073211 0.985336 0.048078 0.028547
0 0.708555 0.805055 0.042828 0.033891
0 0.239945 0.779320 0.040422 0.034047
0 0.657336 0.774500 0.040609 0.033188
0 0.978781 0.290508 0.040750 0.036547
0 0.099047 0.787953 0.037188 0.030875
0 0.952359 0.670773 0.033438 0.029328
0 0.702945 0.941922 0.042547 0.037375
0 0.483039 0.544609 0.042828 0.033094
0 0.538172 0.566172 0.040500 0.031562
0 0.881742 0.787297 0.036234 0.035937
0 0.057313 0.599836 0.030094 0.033797
0 0.149539 0.058469 0.041766 0.037562
0 0.536719 0.734508 0.037531 0.030516
0 0.723789 0.678562 0.041109 0.037125
0 0.985938 0.157273 0.028125 0.042922
0 0.048875 0.639891 0.038719 0.033750
0 0.539312 0.531805 0.040750 0.032484
0 0.249195 0.640469 0.045859 0.041937
0 0.910234 0.436063 0.028344 0.027656
0 0.373000 0.013375 0.031813 0.026375
0 0.763922 0.335219 0.043938 0.038344
0 0.030578 0.919609 0.040688 0.037500
0 0.914188 0.926383 0.048875 0.037953
0 0.063492 0.436633 0.045109 0.034516
0 0.517930 0.902766 0.034266 0.031125
0 0.896914 0.647117 0.028516 0.027891
0 0.906070 0.519484 0.035391 0.032406
0 0.735367 0.078078 0.032391 0.030250
0 0.561187 0.329273 0.044469 0.038328
0 0.900750 0.604930 0.030031 0.026672
0 0.060383 0.517664 0.042984 0.040953
0 0.848023 0.986156 0.039047 0.027094
0 0.542398 0.491414 0.031766 0.029391
0 0.065633 0.475313 0.056797 0.045594
0 0.466328 0.875789 0.028781 0.033141
0 0.043312 0.802164 0.032344 0.029266
0 0.935625 0.222102 0.048938 0.032953
0 0.034070 0.881281 0.041641 0.033000
0 0.317805 0.515547 0.027016 0.028531
0 0.590461 0.057281 0.037703 0.033188
0 0.708633 0.766477 0.041547 0.036422
0 0.968320 0.417539 0.034484 0.030484
0 0.080500 0.863945 0.031687 0.028766
0 0.537289 0.652336 0.042328 0.037391
0 0.596703 0.016789 0.029656 0.031234
0 0.125789 0.501180 0.027391 0.025484
0 0.946727 0.039992 0.027453 0.026609
0 0.270234 0.440680 0.049594 0.043922
0 0.035328 0.842242 0.038000 0.038266
0 0.922984 0.306961 0.036531 0.032422
0 0.475539 0.753562 0.027484 0.025500
0 0.647414 0.908641 0.044984 0.038531
0 0.534516 0.070906 0.035406 0.031031
0 0.127258 0.421898 0.039297 0.035578
0 0.953414 0.588438 0.032578 0.026531
0 0.649266 0.867617 0.044500 0.034109
0 0.056336 0.559148 0.031391 0.029672
0 0.713430 0.253937 0.033078 0.029844
0 0.070398 0.357852 0.030984 0.027828
0 0.726977 0.167961 0.032859 0.029828
0 0.301758 0.849891 0.024828 0.027969
0 0.340133 0.244516 0.032953 0.030500
0 0.274203 0.392422 0.050156 0.046687
0 0.480484 0.624555 0.029594 0.029797
0 0.094961 0.030680 0.039359 0.034516
0 0.274523 0.350625 0.045141 0.040781
0 0.284836 0.991117 0.030391 0.017016
0 0.636055 0.955195 0.045234 0.046234
0 0.670656 0.691500 0.027188 0.024000
0 0.093547 0.069406 0.054969 0.044063
0 0.676016 0.565445 0.043594 0.037266
0 0.331398 0.791195 0.028547 0.031266
0 0.747375 0.006852 0.045500 0.013703
0 0.086336 0.145469 0.050953 0.043563
0 0.474945 0.670336 0.034391 0.032266
0 0.666516 0.604242 0.061000 0.049766
