0 0.171469 0.669813 0.036062 0.036500
0 0.937875 0.803586 0.048469 0.055422
0 0.163219 0.211031 0.035313 0.033344
0 0.161508 0.815453 0.031141 0.029844
0 0.165133 0.065031 0.031859 0.030063
0 0.168180 0.620508 0.031828 0.029234
0 0.186758 0.334266 0.030609 0.029969
0 0.116344 0.840852 0.030562 0.029578
0 0.114133 0.648750 0.031328 0.032500
0 0.114906 0.596039 0.030875 0.030703
0 0.161812 0.161594 0.033469 0.030437
0 0.162992 0.767313 0.028328 0.026687
0 0.174805 0.527398 0.027172 0.028359
0 0.153742 0.921000 0.026797 0.028250
0 0.150477 0.972750 0.028922 0.030500
0 0.204711 0.188242 0.028672 0.032016
0 0.114531 0.699141 0.027031 0.028375
0 0.158586 0.261281 0.029141 0.029219
0 0.175859 0.480359 0.028781 0.030406
0 0.217469 0.041312 0.028781 0.029687
0 0.114953 0.791281 0.029687 0.028531
0 0.170703 0.571336 0.027250 0.028672
0 0.207914 0.136719 0.028609 0.029312
0 0.216930 0.090086 0.027203 0.030203
0 0.202289 0.236422 0.027891 0.029937
0 0.170437 0.722180 0.028281 0.029891
0 0.118094 0.742625 0.025781 0.026875
0 0.183336 0.381758 0.026547 0.026422
0 0.181023 0.429781 0.029109 0.030563
0 0.106305 0.945539 0.031297 0.029578
0 0.133039 0.403328 0.027203 0.027687
0 0.166164 0.109734 0.027453 0.029000
0 0.156398 0.870289 0.026797 0.028766
0 0.127695 0.499461 0.028359 0.027078
0 0.191922 0.284289 0.025250 0.029516
0 0.123242 0.547742 0.028359 0.029703
0 0.112125 0.893219 0.028312 0.026344
0 0.132359 0.454297 0.025094 0.026031
0 0.142195 0.304945 0.027828 0.028547
0 0.139063 0.354359 0.026625 0.028094
0 0.161695 0.016172 0.027078 0.027688
0 0.009617 0.112109 0.019234 0.034781
0 0.007961 0.164656 0.015922 0.032219
0 0.010937 0.069734 0.021875 0.036281
0 0.104742 0.989758 0.030359 0.019641
