0 0.098773 0.658813 0.037203 0.039719
0 0.088500 0.484273 0.034094 0.033203
0 0.013664 0.651102 0.026641 0.032234
0 0.076719 0.717297 0.032156 0.030656
0 0.134336 0.687961 0.031234 0.029922
0 0.021180 0.811039 0.029828 0.030734
0 0.039977 0.686484 0.030922 0.031500
0 0.077937 0.398000 0.028500 0.029156
0 0.119852 0.907109 0.026266 0.027000
0 0.044758 0.364297 0.030422 0.031906
0 0.066187 0.623508 0.031219 0.030297
0 0.032727 0.422945 0.027109 0.029266
0 0.010727 0.562188 0.021453 0.036313
0 0.043453 0.898438 0.024344 0.025187
0 0.035258 0.600922 0.032109 0.035312
0 0.060133 0.453242 0.027297 0.028891
0 0.050500 0.839289 0.040125 0.027297
0 0.089023 0.865773 0.033703 0.038516
0 0.113102 0.748602 0.036922 0.028891
