0 0.155633 0.857961 0.048953 0.049422
0 0.410422 0.366344 0.059563 0.059437
0 0.402734 0.631648 0.068594 0.078078
0 0.264609 0.906648 0.052906 0.049609
0 0.389711 0.441352 0.055359 0.062891
0 0.064820 0.488023 0.044672 0.054047
0 0.124609 0.420586 0.045594 0.051547
0 0.262922 0.649242 0.041781 0.048109
0 0.148242 0.908875 0.054266 0.045531
0 0.081539 0.674703 0.044391 0.049844
0 0.072578 0.928859 0.060844 0.059625
0 0.272078 0.776781 0.050687 0.052781
0 0.171398 0.409445 0.042516 0.047234
0 0.317414 0.380664 0.045016 0.059078
0 0.346148 0.801359 0.051891 0.049625
0 0.128680 0.670203 0.040984 0.047656
0 0.253125 0.456828 0.044437 0.052313
0 0.348141 0.635539 0.038469 0.049328
0 0.081047 0.881563 0.060938 0.051531
0 0.087805 0.834422 0.041141 0.039156
0 0.112258 0.482047 0.040578 0.047094
0 0.095758 0.607289 0.051484 0.063609
0 0.172859 0.662836 0.034719 0.038609
0 0.034703 0.432109 0.041875 0.047063
0 0.037320 0.680492 0.045484 0.054703
0 0.219969 0.656492 0.036750 0.043828
0 0.331008 0.980555 0.056297 0.037328
0 0.319445 0.577078 0.043516 0.049875
0 0.143234 0.950273 0.050188 0.044828
0 0.306375 0.642750 0.035750 0.041375
0 0.337086 0.936273 0.032828 0.030359
0 0.182680 0.595867 0.039359 0.048109
0 0.259180 0.952281 0.048891 0.042375
0 0.414594 0.559078 0.042219 0.048000
0 0.231844 0.589766 0.044062 0.048406
0 0.049664 0.613750 0.041328 0.059125
0 0.205820 0.463711 0.040516 0.048391
0 0.019125 0.491297 0.037531 0.054594
0 0.265555 0.860539 0.037078 0.032266
0 0.337898 0.447984 0.033328 0.032594
0 0.341914 0.893164 0.037922 0.035109
0 0.270875 0.823055 0.036656 0.031672
0 0.157359 0.472734 0.036125 0.038312
0 0.269133 0.391125 0.041172 0.047375
0 0.344406 0.847539 0.030750 0.030172
0 0.138852 0.600086 0.033578 0.038359
0 0.218008 0.399773 0.038859 0.042516
0 0.137461 0.988461 0.041828 0.021609
0 0.013711 0.621523 0.027172 0.054891
0 0.296469 0.450133 0.027031 0.036672
0 0.253031 0.990070 0.051781 0.018328
0 0.364758 0.567867 0.029516 0.034203
0 0.272203 0.577953 0.035969 0.047969
