0 0.713117 0.713406 0.026766 0.025250
0 0.733734 0.154766 0.061500 0.057813
0 0.758594 0.356977 0.040344 0.037891
0 0.693133 0.464742 0.043734 0.041766
0 0.708898 0.757500 0.036609 0.038375
0 0.709797 0.333555 0.037875 0.037078
0 0.740945 0.110180 0.038828 0.035172
0 0.717898 0.287797 0.036734 0.034531
0 0.148609 0.183398 0.032687 0.031766
0 0.369805 0.096656 0.031797 0.031250
0 0.872992 0.965984 0.030547 0.029750
0 0.888680 0.832719 0.030141 0.028031
0 0.158867 0.040906 0.032016 0.031406
0 0.744805 0.065969 0.037891 0.038625
0 0.913336 0.210578 0.030922 0.032125
0 0.723672 0.623727 0.034500 0.033328
0 0.737672 0.536641 0.035094 0.032656
0 0.112437 0.652609 0.029625 0.028313
0 0.722938 0.245297 0.035344 0.032938
0 0.226555 0.963891 0.039328 0.038000
0 0.310703 0.465094 0.033937 0.031844
0 0.776945 0.225266 0.036141 0.033281
0 0.884945 0.871797 0.028516 0.027625
0 0.795086 0.090727 0.035203 0.034828
0 0.048969 0.726234 0.029813 0.028906
0 0.092891 0.446820 0.030750 0.032484
0 0.697383 0.852836 0.031172 0.030141
0 0.824219 0.940297 0.030813 0.028969
0 0.718039 0.669992 0.032516 0.030859
0 0.789844 0.136656 0.033719 0.033656
0 0.686039 0.508484 0.035891 0.031312
0 0.099625 0.752742 0.028563 0.028234
0 0.055055 0.677602 0.027484 0.028859
0 0.853328 0.711367 0.027656 0.030547
0 0.786672 0.778125 0.032687 0.035531
0 0.750945 0.447789 0.031578 0.034578
0 0.912508 0.553148 0.031953 0.029141
0 0.705234 0.376063 0.033375 0.032781
0 0.089773 0.491750 0.030359 0.029750
0 0.147164 0.469305 0.028359 0.027297
0 0.326937 0.327570 0.031344 0.029797
0 0.333352 0.278156 0.031359 0.030812
0 0.661523 0.733828 0.029984 0.032281
0 0.699367 0.417211 0.033984 0.028109
0 0.104062 0.401234 0.028031 0.031937
0 0.041008 0.772437 0.029359 0.031625
0 0.898570 0.308836 0.030797 0.029641
0 0.657039 0.780398 0.034141 0.035172
0 0.693117 0.901625 0.028609 0.029781
0 0.071914 0.583742 0.029766 0.029859
0 0.869992 0.440461 0.030734 0.030141
0 0.771922 0.271094 0.030719 0.030000
0 0.682336 0.556609 0.032516 0.031438
0 0.117633 0.311117 0.026297 0.032016
0 0.153227 0.085977 0.027172 0.028609
0 0.340969 0.233961 0.027062 0.031047
0 0.195180 0.208437 0.028609 0.030063
0 0.685969 0.949594 0.028000 0.029531
0 0.840109 0.845367 0.026969 0.027891
0 0.894664 0.784156 0.030766 0.029781
0 0.646906 0.872297 0.030156 0.032375
0 0.870734 0.486820 0.026719 0.028984
0 0.679695 0.600898 0.032109 0.031766
0 0.286844 0.944797 0.031781 0.027813
0 0.632133 0.964109 0.033109 0.034656
0 0.915023 0.513281 0.029547 0.027969
0 0.299125 0.514867 0.029438 0.029797
0 0.703484 0.809008 0.028688 0.029734
0 0.153203 0.132820 0.029812 0.029797
0 0.653906 0.827188 0.029375 0.029906
0 0.079820 0.533820 0.026578 0.029203
0 0.110102 0.354406 0.026953 0.026375
0 0.168164 0.338133 0.031297 0.034391
0 0.922758 0.466094 0.028109 0.027594
0 0.175594 0.293820 0.027375 0.025391
0 0.920539 0.113734 0.029203 0.027750
0 0.877203 0.923086 0.027313 0.027391
0 0.929172 0.423906 0.027500 0.028719
0 0.080008 0.887609 0.030797 0.033531
0 0.265937 0.736602 0.028031 0.032453
0 0.832344 0.891531 0.026281 0.027406
0 0.066820 0.629352 0.026016 0.026703
0 0.947797 0.290586 0.027313 0.028422
0 0.204695 0.160336 0.024266 0.028484
0 0.799711 0.043938 0.036297 0.034750
0 0.109992 0.701063 0.035047 0.033250
0 0.918727 0.164406 0.025953 0.028687
0 0.745883 0.489914 0.027078 0.029734
0 0.672625 0.686172 0.031313 0.032250
0 0.140750 0.227562 0.025719 0.027750
0 0.767250 0.312711 0.032031 0.031203
0 0.319594 0.370945 0.028594 0.029891
0 0.092180 0.795250 0.024453 0.026656
0 0.927437 0.062500 0.031656 0.032000
0 0.755594 0.400172 0.032281 0.030469
0 0.070242 0.934187 0.030234 0.029656
0 0.843227 0.801961 0.028641 0.031016
0 0.293367 0.899844 0.031359 0.031500
0 0.941008 0.332453 0.028422 0.028875
0 0.909109 0.600969 0.031469 0.031844
0 0.751203 0.019133 0.031937 0.031453
0 0.362195 0.140477 0.027609 0.029422
0 0.895594 0.738359 0.027094 0.026063
0 0.889172 0.350914 0.027937 0.029141
0 0.308414 0.418719 0.029859 0.029750
0 0.130656 0.266828 0.027000 0.027469
0 0.963836 0.193992 0.028672 0.027703
0 0.847859 0.757477 0.026625 0.024984
0 0.218625 0.067164 0.023969 0.025672
0 0.269672 0.691672 0.028375 0.028313
0 0.858117 0.573875 0.024484 0.027813
0 0.730789 0.581227 0.031516 0.029578
0 0.345336 0.181094 0.027391 0.026531
0 0.934211 0.379961 0.026391 0.026828
0 0.968047 0.146078 0.027000 0.028000
0 0.907391 0.259820 0.026562 0.030234
0 0.084336 0.838391 0.025734 0.028625
0 0.402391 0.166063 0.027563 0.027438
0 0.643742 0.921531 0.027672 0.029375
0 0.153188 0.427523 0.025438 0.026641
0 0.279242 0.645773 0.028453 0.028484
0 0.984172 0.049055 0.028625 0.028797
0 0.242609 0.872687 0.030281 0.030687
0 0.783625 0.181898 0.029062 0.028078
0 0.032922 0.816070 0.026500 0.026641
0 0.288477 0.601297 0.026984 0.032281
0 0.675922 0.642453 0.030437 0.026594
0 0.062320 0.976484 0.029703 0.029937
0 0.265023 0.789531 0.025828 0.029687
0 0.292719 0.556500 0.025500 0.024187
0 0.880297 0.397086 0.026156 0.029828
0 0.819984 0.986484 0.027906 0.026906
0 0.957336 0.242375 0.026516 0.027875
0 0.866523 0.530781 0.026516 0.027688
0 0.025211 0.859297 0.025578 0.029094
0 0.852578 0.666266 0.023656 0.026687
0 0.854109 0.621375 0.027125 0.028969
0 0.299984 0.853500 0.026844 0.027406
0 0.976336 0.093719 0.027734 0.026344
0 0.214727 0.113969 0.025172 0.029250
0 0.152320 0.380797 0.032703 0.030875
0 0.189664 0.255805 0.022453 0.024516
0 0.676539 0.988016 0.031984 0.022687
0 0.251641 0.827094 0.024031 0.023844
0 0.932750 0.021477 0.026094 0.025734
0 0.016586 0.946953 0.024641 0.027813
0 0.373336 0.048609 0.025766 0.030594
0 0.411320 0.120406 0.024922 0.026313
0 0.731211 0.201539 0.029828 0.028078
