0 0.989727 0.237937 0.020547 0.036094
0 0.982023 0.976031 0.035953 0.035969
0 0.087742 0.073477 0.064453 0.060141
0 0.730789 0.149164 0.041297 0.041297
0 0.934875 0.221570 0.041563 0.042109
0 0.317883 0.632680 0.040016 0.039734
0 0.529734 0.307867 0.042531 0.039641
0 0.747625 0.323313 0.040344 0.039750
0 0.122797 0.869539 0.053937 0.052266
0 0.522273 0.157125 0.042547 0.037281
0 0.092063 0.218453 0.040594 0.047750
0 0.360391 0.495664 0.040469 0.041828
0 0.095273 0.273531 0.035672 0.033812
0 0.369961 0.653594 0.045766 0.048344
0 0.522594 0.061664 0.041656 0.036609
0 0.530742 0.210289 0.045484 0.043641
0 0.122656 0.783320 0.036063 0.034328
0 0.766914 0.546031 0.036578 0.035000
0 0.125594 0.959102 0.041594 0.039734
0 0.318664 0.687930 0.038422 0.037859
0 0.585531 0.599273 0.035094 0.034516
0 0.825727 0.735453 0.034797 0.036031
0 0.974695 0.631617 0.035547 0.037016
0 0.599969 0.783289 0.033094 0.031922
0 0.781242 0.061500 0.034391 0.035344
0 0.588375 0.649523 0.034969 0.035203
0 0.100500 0.360594 0.034875 0.034719
0 0.835344 0.949930 0.037656 0.035078
0 0.966969 0.531469 0.036594 0.037500
0 0.784039 0.813570 0.038047 0.037891
0 0.119102 0.600250 0.035984 0.034250
0 0.533164 0.411102 0.036359 0.034109
0 0.984586 0.184602 0.030641 0.044828
0 0.537703 0.574273 0.034187 0.034266
0 0.362930 0.549227 0.038766 0.035391
0 0.115500 0.548086 0.038156 0.035266
0 0.813258 0.461266 0.034109 0.036437
0 0.759672 0.488063 0.036438 0.035031
0 0.119930 0.737383 0.034422 0.035734
0 0.169711 0.848773 0.042078 0.037516
0 0.774633 0.705562 0.039078 0.042969
0 0.945547 0.325023 0.032406 0.034766
0 0.602984 0.948781 0.034125 0.033250
0 0.983047 0.087070 0.032938 0.034109
0 0.326414 0.886148 0.037328 0.035516
0 0.928469 0.112602 0.036594 0.034828
0 0.753586 0.386508 0.035047 0.034172
0 0.977273 0.826914 0.041984 0.039703
0 0.828617 0.619680 0.038391 0.038578
0 0.584031 0.434437 0.032313 0.032937
0 0.363055 0.597242 0.034797 0.031984
0 0.097164 0.318523 0.038922 0.034828
0 0.551438 0.977563 0.033750 0.031312
0 0.918734 0.024891 0.034750 0.031969
0 0.773414 0.598305 0.031828 0.034484
0 0.586008 0.322781 0.034828 0.033250
0 0.787484 0.174313 0.034125 0.035937
0 0.315023 0.576594 0.037391 0.036813
0 0.372047 0.763617 0.036281 0.031328
0 0.809422 0.348883 0.030375 0.033141
0 0.588555 0.488695 0.036672 0.034484
0 0.588938 0.540422 0.037906 0.039062
0 0.953234 0.425711 0.034281 0.034234
0 0.761273 0.436711 0.033359 0.032766
0 0.524336 0.258313 0.037516 0.032000
0 0.934281 0.171242 0.034750 0.031984
0 0.538586 0.728211 0.031078 0.030766
0 0.603234 0.860898 0.031687 0.031016
0 0.788180 0.116586 0.034891 0.033891
0 0.382117 0.958836 0.034922 0.033078
0 0.549703 0.932844 0.032750 0.030344
0 0.838453 0.837984 0.030750 0.029906
0 0.544805 0.847633 0.032609 0.028922
0 0.376102 0.910125 0.030484 0.030625
0 0.747672 0.265070 0.028875 0.030109
0 0.167234 0.618117 0.037812 0.035984
0 0.510820 0.016523 0.041609 0.032578
0 0.833063 0.898008 0.031844 0.030547
0 0.312836 0.163727 0.033391 0.034266
0 0.095750 0.021570 0.036906 0.031453
0 0.602641 0.822898 0.029844 0.028641
0 0.982820 0.927352 0.032453 0.031578
0 0.531750 0.359414 0.033469 0.033172
0 0.315977 0.522203 0.031734 0.032781
0 0.816727 0.513250 0.030578 0.033219
0 0.322687 0.789555 0.029937 0.028891
0 0.525828 0.113469 0.033469 0.027344
0 0.537203 0.522852 0.032125 0.030859
0 0.542578 0.769031 0.030344 0.029063
0 0.115500 0.496344 0.034969 0.030719
0 0.161117 0.479602 0.028891 0.027016
0 0.600797 0.897281 0.031625 0.029125
0 0.547195 0.885852 0.030766 0.029641
0 0.982586 0.877828 0.033203 0.032094
0 0.161602 0.522992 0.033516 0.031609
0 0.810984 0.409602 0.030000 0.031047
0 0.572477 0.079523 0.039672 0.032578
0 0.356734 0.290250 0.031719 0.029875
0 0.577922 0.126820 0.037969 0.035859
0 0.946484 0.377992 0.029344 0.028984
0 0.792133 0.227484 0.030609 0.030969
0 0.957953 0.479289 0.032656 0.030922
0 0.373461 0.857656 0.027297 0.028344
0 0.537312 0.626047 0.030312 0.029594
0 0.544172 0.809195 0.031375 0.028891
0 0.319492 0.474695 0.032891 0.032359
0 0.539109 0.679523 0.030187 0.031828
0 0.371867 0.810961 0.028672 0.029859
0 0.601797 0.987477 0.033688 0.024922
0 0.307648 0.116414 0.032172 0.030422
0 0.161516 0.568594 0.028875 0.027969
0 0.774664 0.648828 0.029422 0.029750
0 0.154227 0.336672 0.034484 0.031594
0 0.356773 0.238906 0.030016 0.029406
0 0.358914 0.351070 0.034609 0.028359
0 0.580234 0.173680 0.035844 0.033859
0 0.356398 0.400906 0.032641 0.030219
0 0.162875 0.714430 0.032219 0.028078
0 0.168563 0.936602 0.032219 0.032547
0 0.727719 0.040492 0.030938 0.032266
0 0.147758 0.289227 0.035641 0.031516
0 0.976516 0.727789 0.032969 0.032203
0 0.159141 0.757773 0.026906 0.027359
0 0.593328 0.739211 0.027406 0.030984
0 0.095531 0.127391 0.030906 0.027250
0 0.137594 0.106313 0.033813 0.033406
0 0.587883 0.381586 0.030172 0.033547
0 0.742039 0.202414 0.027359 0.030109
0 0.594187 0.694789 0.027281 0.027391
0 0.306008 0.071578 0.029516 0.030531
0 0.355375 0.196578 0.030438 0.029656
0 0.974031 0.576047 0.030125 0.028906
0 0.783055 0.014414 0.036828 0.028359
0 0.533469 0.466914 0.030594 0.029047
0 0.121250 0.824344 0.029250 0.028375
0 0.118836 0.640219 0.030109 0.027781
0 0.944086 0.271664 0.030672 0.030734
0 0.920977 0.068312 0.030578 0.027062
0 0.169594 0.889117 0.029281 0.028453
0 0.822375 0.561523 0.033594 0.033641
0 0.327727 0.938547 0.030578 0.030063
0 0.356172 0.139992 0.029531 0.029297
0 0.979344 0.041000 0.034250 0.033344
0 0.725227 0.096258 0.030984 0.029922
0 0.159836 0.429852 0.028891 0.026609
0 0.974422 0.673789 0.028813 0.028547
0 0.139438 0.190047 0.031313 0.033844
0 0.321031 0.741508 0.030375 0.029891
0 0.094156 0.169945 0.039437 0.032047
0 0.147352 0.056633 0.028422 0.028922
0 0.312375 0.268500 0.032687 0.031156
0 0.316148 0.418187 0.028391 0.028313
0 0.788867 0.924836 0.025203 0.028953
0 0.783055 0.757953 0.024172 0.026250
0 0.116328 0.407648 0.033031 0.030703
0 0.359336 0.440820 0.026828 0.025547
0 0.155219 0.381313 0.030406 0.028094
0 0.785164 0.865445 0.026297 0.028484
0 0.977672 0.775289 0.031500 0.033203
0 0.161555 0.799109 0.026766 0.025938
0 0.146391 0.245633 0.028906 0.028297
0 0.367688 0.714031 0.028594 0.029656
0 0.795836 0.291969 0.026328 0.026937
0 0.346984 0.045586 0.029469 0.029953
0 0.788172 0.983516 0.030719 0.031500
0 0.162438 0.663938 0.028000 0.028750
0 0.825203 0.673063 0.029719 0.029844
0 0.117945 0.451727 0.033516 0.029578
0 0.323680 0.832844 0.030516 0.030625
0 0.330937 0.982422 0.033656 0.033375
0 0.314703 0.327000 0.033625 0.029844
0 0.826422 0.787328 0.026156 0.027188
0 0.351687 0.088555 0.027938 0.028484
0 0.987398 0.135438 0.025203 0.032062
0 0.314797 0.212273 0.025094 0.026484
0 0.569633 0.030516 0.044078 0.040031
0 0.579953 0.270750 0.032844 0.032969
0 0.128078 0.687914 0.033750 0.032641
0 0.318562 0.376484 0.029563 0.028531
0 0.140914 0.147508 0.030703 0.028828
0 0.129109 0.913875 0.027250 0.024969
0 0.168266 0.980766 0.024625 0.024094
0 0.842836 0.991688 0.032953 0.015781
0 0.579461 0.222453 0.030797 0.032563
