0 0.205898 0.662414 0.036703 0.041516
0 0.183031 0.542703 0.056406 0.064094
0 0.066820 0.473289 0.044828 0.051016
0 0.165242 0.151680 0.051578 0.060609
0 0.132109 0.534078 0.041312 0.047781
0 0.133836 0.879375 0.043703 0.057156
0 0.032367 0.146602 0.041203 0.051953
0 0.047594 0.709617 0.040781 0.046453
0 0.135672 0.711672 0.039750 0.049031
0 0.200445 0.344109 0.044109 0.054281
0 0.184070 0.718961 0.058047 0.059641
0 0.077914 0.147703 0.044859 0.055938
0 0.060031 0.930984 0.037281 0.041687
0 0.144352 0.939313 0.040422 0.043625
0 0.154562 0.346836 0.040125 0.053422
0 0.116148 0.479859 0.042578 0.045375
0 0.198531 0.476180 0.039156 0.043297
0 0.179383 0.892453 0.039891 0.047375
0 0.077883 0.660531 0.037672 0.043469
0 0.018852 0.926414 0.037016 0.048641
0 0.108352 0.095477 0.038078 0.044359
0 0.192211 0.952516 0.055297 0.064875
0 0.102711 0.936547 0.034391 0.042938
0 0.089125 0.883859 0.034562 0.042781
0 0.147781 0.099109 0.042219 0.048688
0 0.131641 0.288258 0.046781 0.047797
0 0.237109 0.099656 0.050719 0.055906
0 0.031875 0.655469 0.037719 0.047094
0 0.120703 0.148789 0.036031 0.046078
0 0.214000 0.156492 0.039375 0.049359
0 0.159133 0.477242 0.035641 0.042109
0 0.088938 0.531461 0.032063 0.037266
0 0.011180 0.707937 0.022359 0.044156
0 0.054688 0.338375 0.034438 0.038625
0 0.023203 0.478219 0.038344 0.044875
0 0.094117 0.713859 0.037516 0.039406
0 0.083055 0.288133 0.036266 0.043422
0 0.039891 0.282828 0.035844 0.049031
0 0.047273 0.528969 0.034953 0.038031
0 0.016133 0.338781 0.031953 0.043562
0 0.064070 0.095008 0.034984 0.038578
0 0.018523 0.092797 0.036609 0.045125
0 0.218516 0.886430 0.033312 0.040047
0 0.108047 0.340844 0.040312 0.041250
0 0.162289 0.663141 0.039234 0.047156
0 0.181805 0.283687 0.036109 0.040500
0 0.008383 0.282734 0.016766 0.049187
0 0.191609 0.099711 0.031344 0.039891
0 0.222805 0.286062 0.036078 0.043000
0 0.046359 0.882195 0.039406 0.035828
