0 0.839203 0.567016 0.033437 0.033563
0 0.461992 0.746305 0.042047 0.040641
0 0.446438 0.546086 0.040656 0.041672
0 0.020953 0.447687 0.041000 0.043469
0 0.247156 0.707844 0.046750 0.043625
0 0.174859 0.073797 0.037187 0.037375
0 0.225773 0.472164 0.043203 0.040953
0 0.619000 0.525227 0.038062 0.039109
0 0.397047 0.579492 0.043844 0.042297
0 0.348156 0.249828 0.037156 0.036125
0 0.225828 0.424820 0.037719 0.036953
0 0.145578 0.306984 0.037594 0.036344
0 0.179094 0.641570 0.042688 0.043672
0 0.451484 0.648141 0.036187 0.038156
0 0.043633 0.861391 0.035984 0.034406
0 0.572461 0.087445 0.036797 0.036297
0 0.824547 0.787039 0.036531 0.034797
0 0.607797 0.775219 0.035125 0.035500
0 0.120266 0.101992 0.037312 0.038359
0 0.472219 0.885031 0.031875 0.036813
0 0.172586 0.501984 0.034141 0.031313
0 0.220930 0.369484 0.035234 0.037656
0 0.136102 0.256391 0.037172 0.037719
0 0.029875 0.708266 0.035906 0.036000
0 0.166742 0.023852 0.037766 0.039578
0 0.154469 0.356125 0.037625 0.038688
0 0.409422 0.724969 0.038156 0.033250
0 0.045336 0.913555 0.036609 0.034672
0 0.361508 0.310328 0.033109 0.036563
0 0.237664 0.613703 0.035641 0.037625
0 0.759531 0.088148 0.035813 0.036047
0 0.194906 0.224367 0.032687 0.033047
0 0.433211 0.489000 0.045172 0.045344
0 0.651727 0.739008 0.038266 0.038703
0 0.983438 0.434867 0.032188 0.039891
0 0.799750 0.310625 0.036125 0.034719
0 0.822141 0.836437 0.035844 0.034969
0 0.599539 0.722305 0.033734 0.032297
0 0.606445 0.410688 0.036734 0.033094
0 0.396148 0.272883 0.033328 0.035078
0 0.388250 0.525977 0.033813 0.032922
0 0.031609 0.757070 0.034844 0.034234
0 0.262562 0.964641 0.034375 0.034375
0 0.381828 0.100414 0.032906 0.033266
0 0.469898 0.835211 0.032984 0.032141
0 0.208891 0.274961 0.032625 0.033328
0 0.670969 0.848883 0.033000 0.032422
0 0.786125 0.546531 0.032594 0.035312
0 0.805602 0.646875 0.034828 0.033250
0 0.720344 0.124859 0.034750 0.037937
0 0.740187 0.236461 0.035563 0.038141
0 0.259078 0.910320 0.034000 0.032828
0 0.452609 0.597789 0.031438 0.030391
0 0.411148 0.383055 0.033609 0.033734
0 0.514094 0.075648 0.034125 0.034016
0 0.378445 0.477055 0.034391 0.035609
0 0.213875 0.321445 0.031469 0.032172
0 0.375375 0.425016 0.036344 0.031781
0 0.812039 0.698539 0.032047 0.031516
0 0.881203 0.854273 0.035031 0.032922
0 0.199836 0.791156 0.032422 0.029500
0 0.964773 0.298094 0.033578 0.035687
0 0.683445 0.907906 0.032984 0.033719
0 0.400766 0.629703 0.034969 0.033969
0 0.422641 0.437672 0.029812 0.031562
0 0.633359 0.582492 0.032500 0.035078
0 0.878508 0.761164 0.029641 0.036141
0 0.025781 0.604727 0.034219 0.036578
0 0.207328 0.939562 0.035750 0.036750
0 0.169367 0.450875 0.030047 0.033844
0 0.049703 0.960398 0.031750 0.031703
0 0.025914 0.546570 0.031672 0.032234
0 0.932656 0.107570 0.040625 0.039734
0 0.129539 0.151617 0.030109 0.032422
0 0.037586 0.806820 0.033359 0.032953
0 0.580516 0.203563 0.037406 0.041094
0 0.831859 0.512680 0.032281 0.033266
0 0.573633 0.502820 0.034547 0.031172
0 0.200375 0.838031 0.034250 0.032125
0 0.943633 0.201828 0.036734 0.040344
0 0.378688 0.046070 0.031281 0.033516
0 0.785180 0.253977 0.037078 0.036578
0 0.470734 0.940117 0.032937 0.032297
0 0.584680 0.611555 0.032859 0.033703
0 0.417055 0.774008 0.031484 0.033328
0 0.537914 0.232617 0.030891 0.032641
0 0.851938 0.614664 0.031438 0.030391
0 0.544555 0.284773 0.030859 0.034109
0 0.465695 0.789109 0.030984 0.028781
0 0.821273 0.413484 0.030234 0.032437
0 0.778500 0.499070 0.029031 0.032547
0 0.563031 0.449633 0.032281 0.031766
0 0.253273 0.857898 0.029641 0.030703
0 0.678820 0.958570 0.030172 0.031578
0 0.807328 0.360414 0.032063 0.033672
0 0.576797 0.563898 0.033125 0.031297
0 0.825961 0.939695 0.032453 0.033234
0 0.593031 0.301820 0.032750 0.032203
0 0.518297 0.125266 0.033031 0.033281
0 0.866141 0.710523 0.026719 0.031078
0 0.402484 0.329734 0.029031 0.030969
0 0.631234 0.886352 0.030500 0.031328
0 0.427688 0.865516 0.029375 0.030094
0 0.236570 0.560203 0.036453 0.036594
0 0.890062 0.952719 0.030156 0.029531
0 0.338258 0.078547 0.031578 0.031313
0 0.634508 0.630430 0.030453 0.032109
0 0.333117 0.025945 0.033266 0.033422
0 0.575352 0.140906 0.036078 0.036656
0 0.015125 0.399859 0.029094 0.034063
0 0.883766 0.909141 0.031000 0.029594
0 0.612625 0.471391 0.031531 0.030875
0 0.180016 0.590328 0.029313 0.029844
0 0.253086 0.808469 0.040109 0.038125
0 0.388367 0.216414 0.031328 0.030672
0 0.642219 0.686406 0.030250 0.033344
0 0.776516 0.201305 0.030375 0.032422
0 0.192273 0.685695 0.025922 0.030359
0 0.883000 0.804445 0.028281 0.027234
0 0.346609 0.191867 0.030781 0.031234
0 0.383289 0.157977 0.030922 0.031297
0 0.564055 0.038727 0.032609 0.034703
0 0.177594 0.542383 0.030937 0.028734
0 0.205633 0.891109 0.029703 0.028563
0 0.856242 0.667133 0.033609 0.031141
0 0.766258 0.145047 0.030328 0.033688
0 0.032195 0.653648 0.030641 0.029516
0 0.816805 0.741680 0.028328 0.027891
0 0.708148 0.072344 0.030047 0.033250
0 0.162773 0.402570 0.030578 0.029328
0 0.115703 0.052266 0.031875 0.029937
0 0.130648 0.200484 0.032016 0.033750
0 0.630055 0.940766 0.026328 0.027781
0 0.457242 0.695312 0.031891 0.030406
0 0.020461 0.493633 0.028109 0.029984
0 0.418516 0.816773 0.030031 0.028391
0 0.617961 0.826539 0.029359 0.031016
0 0.344609 0.136656 0.027687 0.031187
0 0.553820 0.390625 0.029484 0.030625
0 0.430703 0.973977 0.030938 0.031922
0 0.174945 0.125562 0.025797 0.029031
0 0.597758 0.355172 0.029672 0.028031
0 0.181719 0.169000 0.027281 0.028625
0 0.792656 0.598180 0.025938 0.030266
0 0.960250 0.252070 0.030344 0.031047
0 0.653234 0.795352 0.027844 0.029641
0 0.587930 0.252445 0.029172 0.027734
0 0.757156 0.344633 0.033437 0.034484
0 0.771813 0.448188 0.028719 0.029781
0 0.530625 0.177711 0.033000 0.031922
0 0.987414 0.483203 0.025172 0.036500
0 0.729039 0.185961 0.030078 0.032016
0 0.232000 0.515289 0.032969 0.032578
0 0.699531 0.014750 0.033188 0.028875
0 0.593797 0.667281 0.028375 0.030937
0 0.827750 0.464219 0.027188 0.028000
0 0.427250 0.919641 0.027844 0.028656
0 0.240883 0.661078 0.029391 0.029563
0 0.550375 0.336852 0.029687 0.033578
0 0.197430 0.739281 0.029297 0.031719
0 0.367602 0.365406 0.028703 0.030437
0 0.753875 0.031266 0.027375 0.029031
0 0.116008 0.011930 0.034922 0.023641
0 0.404789 0.680172 0.029922 0.030844
0 0.977906 0.386258 0.029812 0.030578
0 0.212039 0.987297 0.035891 0.025344
0 0.943836 0.986492 0.046578 0.026391
0 0.836805 0.986883 0.030078 0.026078
0 0.822734 0.891750 0.031281 0.030281
0 0.934703 0.155828 0.028937 0.030031
0 0.477750 0.991008 0.029000 0.017359
0 0.747602 0.293344 0.024203 0.023719
0 0.767656 0.400117 0.027031 0.028391
0 0.968875 0.342875 0.029469 0.032281
0 0.889422 0.992328 0.029875 0.014469
0 0.507227 0.018180 0.026984 0.027109
0 0.007984 0.354148 0.015969 0.031422
0 0.636336 0.988203 0.033484 0.022219
0 0.990375 0.528531 0.019250 0.038875
