0 0.932273 0.448711 0.028891 0.029797
0 0.317211 0.449617 0.043922 0.038484
0 0.969633 0.262391 0.040266 0.041438
0 0.568172 0.108117 0.044531 0.041172
0 0.303008 0.299367 0.040516 0.036703
0 0.382961 0.512680 0.039266 0.036016
0 0.786047 0.498180 0.039719 0.037797
0 0.177219 0.792148 0.041562 0.040922
0 0.507852 0.036531 0.040484 0.037969
0 0.724859 0.286875 0.035594 0.035500
0 0.343539 0.752570 0.037578 0.040609
0 0.625297 0.832984 0.034719 0.034281
0 0.140305 0.135133 0.036797 0.036266
0 0.305297 0.348328 0.035688 0.037625
0 0.108672 0.580688 0.037188 0.036750
0 0.408711 0.817711 0.036891 0.036078
0 0.615461 0.732930 0.034547 0.034266
0 0.346883 0.844852 0.037391 0.034797
0 0.397969 0.771008 0.036500 0.033703
0 0.517039 0.093500 0.038422 0.037531
0 0.099547 0.535156 0.033875 0.033156
0 0.080953 0.280422 0.040031 0.036031
0 0.183883 0.886828 0.033859 0.032969
0 0.369477 0.325016 0.033328 0.034344
0 0.167305 0.600437 0.034359 0.036813
0 0.407141 0.910055 0.034500 0.033266
0 0.381352 0.425758 0.035359 0.034953
0 0.118586 0.824266 0.034922 0.033500
0 0.273547 0.153320 0.039375 0.039328
0 0.082109 0.171141 0.036344 0.036094
0 0.155266 0.498227 0.032937 0.036172
0 0.520188 0.144531 0.033563 0.036031
0 0.391766 0.619195 0.036187 0.034734
0 0.561273 0.662648 0.036078 0.034391
0 0.598625 0.473344 0.033156 0.032125
0 0.774875 0.298562 0.032906 0.033375
0 0.725625 0.334266 0.033438 0.033281
0 0.607109 0.580805 0.036062 0.034953
0 0.548617 0.510469 0.034984 0.035187
0 0.340961 0.698578 0.034828 0.034781
0 0.620289 0.783078 0.034391 0.033250
0 0.576250 0.212703 0.035906 0.033812
0 0.387477 0.569914 0.035203 0.034047
0 0.921227 0.352281 0.033984 0.033438
0 0.141969 0.185453 0.033844 0.036594
0 0.376391 0.380938 0.034906 0.034594
0 0.101344 0.484414 0.034563 0.033047
0 0.114852 0.728367 0.035953 0.032641
0 0.331969 0.547070 0.034500 0.031766
0 0.410797 0.862750 0.033937 0.030750
0 0.909367 0.192141 0.038547 0.034469
0 0.128609 0.912453 0.036031 0.034344
0 0.162656 0.549695 0.033031 0.033703
0 0.262695 0.057945 0.033578 0.032578
0 0.321617 0.076227 0.030297 0.033516
0 0.706477 0.129625 0.033859 0.033719
0 0.578672 0.908906 0.033656 0.032938
0 0.595516 0.420641 0.034844 0.035438
0 0.934898 0.618500 0.038266 0.039062
0 0.522750 0.244523 0.036094 0.034922
0 0.544984 0.452445 0.033500 0.033328
0 0.572898 0.815164 0.031828 0.030422
0 0.189656 0.980148 0.038469 0.037703
0 0.574812 0.860898 0.031656 0.030391
0 0.393547 0.725891 0.033969 0.031406
0 0.297594 0.252250 0.032219 0.031062
0 0.166727 0.652469 0.033766 0.035656
0 0.121687 0.024508 0.036531 0.034516
0 0.746250 0.639430 0.032781 0.031984
0 0.737945 0.585594 0.033078 0.031688
0 0.772891 0.252109 0.030469 0.028250
0 0.733250 0.535344 0.032688 0.032000
0 0.630469 0.925016 0.033062 0.032250
0 0.754320 0.105898 0.032547 0.033141
0 0.344234 0.800672 0.032781 0.032563
0 0.113914 0.681414 0.033203 0.034547
0 0.293633 0.200352 0.033828 0.033547
0 0.332594 0.126727 0.032312 0.030797
0 0.912813 0.244789 0.033625 0.031953
0 0.582094 0.317164 0.033719 0.033766
0 0.269766 0.104453 0.034563 0.032156
0 0.781117 0.355547 0.035047 0.034375
0 0.366297 0.275227 0.029156 0.034141
0 0.070406 0.061945 0.033750 0.033953
0 0.412875 0.955641 0.032594 0.032188
0 0.179477 0.841398 0.033922 0.032484
0 0.149977 0.399344 0.031453 0.032406
0 0.588562 0.367602 0.032313 0.030297
0 0.746797 0.802469 0.031062 0.030375
0 0.745445 0.695383 0.034578 0.033641
0 0.956492 0.103367 0.034703 0.035703
0 0.560172 0.052305 0.031219 0.031734
0 0.538672 0.399570 0.030000 0.032734
0 0.608883 0.678125 0.031016 0.031687
0 0.576773 0.266313 0.030766 0.030187
0 0.571813 0.163484 0.029531 0.029250
0 0.943188 0.724313 0.032656 0.033437
0 0.154102 0.449195 0.032734 0.033266
0 0.758430 0.149375 0.030047 0.029875
0 0.947453 0.836641 0.031375 0.032813
0 0.089352 0.329633 0.034453 0.033016
0 0.521687 0.298375 0.032250 0.032250
0 0.340070 0.597094 0.029859 0.034844
0 0.948555 0.883672 0.032172 0.033313
0 0.516922 0.191484 0.028125 0.030437
0 0.743437 0.748766 0.031656 0.032094
0 0.565969 0.762500 0.029469 0.031312
0 0.134445 0.971492 0.032422 0.032078
0 0.132711 0.078250 0.029547 0.030687
0 0.151984 0.301734 0.033250 0.031594
0 0.728398 0.481742 0.030109 0.032109
0 0.938766 0.671312 0.032438 0.029938
0 0.075547 0.115250 0.032281 0.031313
0 0.803477 0.764609 0.029703 0.030281
0 0.358648 0.892312 0.030484 0.032312
0 0.321086 0.491766 0.032016 0.028250
0 0.950398 0.933977 0.031734 0.030297
0 0.093750 0.436156 0.033250 0.034625
0 0.808563 0.865859 0.027688 0.027719
0 0.800156 0.717914 0.032094 0.030359
0 0.363359 0.224648 0.031531 0.032016
0 0.746656 0.846172 0.029281 0.028937
0 0.576867 0.953148 0.030422 0.031328
0 0.810344 0.976578 0.029687 0.029906
0 0.110688 0.628648 0.031938 0.030172
0 0.530078 0.350133 0.030438 0.030609
0 0.694211 0.083016 0.030703 0.030750
0 0.946055 0.776852 0.029734 0.029047
0 0.340617 0.646375 0.031953 0.031750
0 0.986703 0.470789 0.026594 0.039297
0 0.364859 0.941625 0.029375 0.029406
0 0.381953 0.468469 0.025813 0.024656
0 0.190531 0.934617 0.028031 0.029359
0 0.630312 0.877375 0.029500 0.028187
0 0.254750 0.012617 0.037719 0.025016
0 0.120906 0.868211 0.029781 0.026391
0 0.612445 0.629969 0.031328 0.027844
0 0.091703 0.378156 0.029844 0.028750
0 0.927531 0.402547 0.027656 0.029438
0 0.963766 0.160883 0.028656 0.030234
0 0.604375 0.524703 0.027125 0.029906
0 0.632297 0.971758 0.026906 0.028078
0 0.174477 0.743375 0.031266 0.030594
0 0.903625 0.084164 0.030219 0.033078
0 0.393656 0.666867 0.026562 0.028578
0 0.808445 0.917430 0.026047 0.028734
0 0.690945 0.032648 0.031516 0.031953
0 0.765039 0.204055 0.027359 0.026828
0 0.751508 0.902844 0.030609 0.030094
0 0.349922 0.167531 0.029656 0.031188
0 0.796227 0.663438 0.028922 0.030344
0 0.720078 0.233461 0.028750 0.030328
0 0.916375 0.301844 0.031094 0.032156
0 0.713297 0.181602 0.033844 0.035453
0 0.082641 0.222555 0.027625 0.030172
0 0.308602 0.405539 0.028297 0.025766
0 0.786828 0.604516 0.027406 0.027656
0 0.370500 0.984180 0.030219 0.029672
0 0.981719 0.366695 0.031094 0.029859
0 0.787414 0.453031 0.027484 0.025563
0 0.787977 0.408695 0.029141 0.029953
0 0.146633 0.247070 0.034203 0.034453
0 0.747000 0.051250 0.027937 0.028844
0 0.554398 0.556367 0.027953 0.026141
0 0.803391 0.813727 0.024531 0.026797
0 0.987469 0.584070 0.025062 0.040297
0 0.907070 0.135914 0.027766 0.030953
0 0.938922 0.565664 0.028031 0.026828
0 0.957492 0.050383 0.026266 0.028484
0 0.901414 0.030023 0.031266 0.029953
0 0.409859 0.992211 0.028156 0.014766
0 0.955164 0.983336 0.028234 0.028516
0 0.976859 0.318594 0.030250 0.032000
0 0.790102 0.553945 0.024359 0.027578
0 0.316836 0.026508 0.026766 0.028141
0 0.170492 0.704813 0.029859 0.028375
0 0.557820 0.011883 0.036484 0.023516
0 0.965883 0.205773 0.025922 0.031203
0 0.152328 0.349969 0.026188 0.027219
0 0.556273 0.614187 0.024609 0.025563
0 0.724297 0.434039 0.026000 0.027922
0 0.562078 0.711648 0.025719 0.027109
0 0.116234 0.773023 0.030594 0.031984
0 0.065672 0.014938 0.036813 0.029375
0 0.936422 0.508914 0.025938 0.028172
