0 0.287523 0.964641 0.027672 0.028094
0 0.468164 0.861875 0.067578 0.068344
0 0.290148 0.639320 0.054703 0.064141
0 0.308086 0.073516 0.054422 0.054750
0 0.606477 0.663586 0.049484 0.051609
0 0.760406 0.470852 0.056937 0.066609
0 0.053609 0.827281 0.054094 0.064656
0 0.779687 0.831273 0.058406 0.062453
0 0.054023 0.503891 0.060891 0.069219
0 0.772789 0.744328 0.050453 0.054344
0 0.084586 0.856172 0.055109 0.060688
0 0.509773 0.576672 0.047641 0.052906
0 0.496648 0.144172 0.045578 0.050594
0 0.198148 0.968797 0.054016 0.062406
0 0.344758 0.327953 0.055922 0.056625
0 0.890289 0.919984 0.057266 0.061844
0 0.372914 0.120031 0.052359 0.059469
0 0.624633 0.256773 0.051891 0.055047
0 0.178852 0.520609 0.046234 0.052219
0 0.505594 0.235687 0.041937 0.047469
0 0.251773 0.332688 0.049922 0.055688
0 0.625406 0.604945 0.051625 0.050328
0 0.688773 0.320852 0.052734 0.053734
0 0.059242 0.150547 0.042453 0.041469
0 0.837000 0.195797 0.055875 0.065187
0 0.564789 0.205484 0.047047 0.050938
0 0.164695 0.257250 0.062109 0.064188
0 0.355734 0.694578 0.045531 0.048250
0 0.398016 0.806930 0.054344 0.058984
0 0.425422 0.496453 0.050719 0.054437
0 0.970516 0.679906 0.058687 0.081469
0 0.660187 0.379344 0.055031 0.064156
0 0.080219 0.092656 0.047000 0.056000
0 0.644516 0.950227 0.045531 0.053047
0 0.744203 0.803289 0.049531 0.058078
0 0.589320 0.971523 0.050953 0.055109
0 0.838859 0.794555 0.049969 0.058859
0 0.688750 0.757047 0.055000 0.053406
0 0.088055 0.767148 0.042328 0.050797
0 0.528289 0.913203 0.038734 0.037500
0 0.337313 0.422758 0.066625 0.073016
0 0.871250 0.226008 0.046344 0.050609
0 0.558773 0.946391 0.054516 0.061687
0 0.416750 0.144992 0.052469 0.055016
0 0.183172 0.609773 0.062594 0.064672
0 0.804508 0.163977 0.045797 0.047953
0 0.233086 0.574141 0.042891 0.038781
0 0.754086 0.383906 0.039328 0.044312
0 0.109859 0.890648 0.056812 0.065734
0 0.900820 0.614977 0.048547 0.051578
0 0.432273 0.089320 0.045516 0.043891
0 0.679992 0.978859 0.054516 0.040938
0 0.418914 0.747594 0.044422 0.049906
0 0.715727 0.687633 0.040922 0.043578
0 0.400609 0.383227 0.047250 0.052484
0 0.127492 0.786133 0.044328 0.051516
0 0.874188 0.583352 0.036469 0.040609
0 0.259766 0.935031 0.038781 0.040969
0 0.532094 0.171930 0.038938 0.042984
0 0.978758 0.912492 0.041016 0.043859
0 0.332625 0.749023 0.056875 0.068078
0 0.694594 0.406992 0.039375 0.047797
0 0.155625 0.581773 0.058563 0.064891
0 0.782719 0.409938 0.038625 0.039813
0 0.224688 0.222484 0.041312 0.044531
0 0.681766 0.669875 0.036656 0.039781
0 0.728875 0.434352 0.039813 0.039078
0 0.117773 0.552398 0.052391 0.061641
0 0.909430 0.854266 0.050547 0.054031
0 0.515914 0.828883 0.048891 0.054984
0 0.053711 0.417516 0.046203 0.056375
0 0.309070 0.297938 0.042484 0.045031
0 0.846984 0.889164 0.050500 0.050203
0 0.550703 0.859563 0.037969 0.039531
0 0.142797 0.907891 0.045063 0.053563
0 0.973633 0.573750 0.041359 0.041406
0 0.909320 0.522422 0.044516 0.048219
0 0.458234 0.777320 0.038281 0.040609
0 0.388203 0.720008 0.050844 0.054172
0 0.049094 0.067867 0.042625 0.046672
0 0.576297 0.892047 0.039687 0.040656
0 0.636414 0.024016 0.056297 0.048031
0 0.905047 0.163102 0.043375 0.043672
0 0.876711 0.498250 0.037609 0.040125
0 0.020844 0.478914 0.038656 0.042797
0 0.033484 0.706719 0.041906 0.045031
0 0.540977 0.521250 0.037234 0.040656
0 0.082844 0.440445 0.042906 0.046391
0 0.568117 0.550938 0.043516 0.045250
0 0.177391 0.854812 0.039562 0.046938
0 0.363773 0.778625 0.053859 0.056469
0 0.308305 0.393000 0.059922 0.068813
0 0.844203 0.472273 0.035562 0.039516
0 0.666023 0.726398 0.041453 0.042078
0 0.812211 0.864344 0.044453 0.053656
0 0.429945 0.830617 0.045391 0.046172
0 0.060602 0.737477 0.036578 0.037047
0 0.816828 0.983336 0.025437 0.027547
0 0.592586 0.574375 0.032516 0.037875
0 0.961805 0.312211 0.035859 0.040203
0 0.601234 0.310883 0.045625 0.055297
0 0.436047 0.179086 0.033844 0.031141
0 0.981883 0.983125 0.036172 0.032219
0 0.026734 0.791906 0.028656 0.033562
0 0.670602 0.034922 0.048859 0.057531
0 0.935047 0.640625 0.038000 0.039625
0 0.984727 0.346859 0.030234 0.052531
0 0.221117 0.309758 0.043828 0.052391
0 0.508102 0.487805 0.043453 0.047016
0 0.118914 0.470516 0.038734 0.042406
0 0.233086 0.903469 0.045391 0.049969
0 0.011187 0.104688 0.022375 0.053719
0 0.873367 0.824344 0.048141 0.050969
0 0.481023 0.467805 0.038641 0.048422
0 0.394328 0.467562 0.034688 0.033781
0 0.839086 0.551961 0.038359 0.037547
0 0.696445 0.060875 0.043766 0.052969
0 0.814781 0.440219 0.034656 0.033094
0 0.280391 0.273633 0.036312 0.039391
0 0.632297 0.348383 0.037812 0.040078
0 0.009531 0.680820 0.019062 0.052266
0 0.139523 0.143305 0.031609 0.032172
0 0.545461 0.611633 0.043016 0.065203
0 0.487883 0.544352 0.049953 0.061047
0 0.458055 0.518688 0.043016 0.034687
0 0.374125 0.362609 0.038844 0.044406
0 0.255508 0.247461 0.037453 0.041609
0 0.715406 0.777422 0.027750 0.041625
0 0.945703 0.880773 0.036062 0.054109
0 0.789625 0.497875 0.029125 0.043000
0 0.829164 0.521461 0.049953 0.037453
0 0.612055 0.914766 0.040234 0.038844
0 0.169492 0.939039 0.065203 0.051328
0 0.019070 0.042219 0.038141 0.057562
0 0.727586 0.078195 0.040766 0.043172
0 0.752172 0.094977 0.041969 0.047953
0 0.777352 0.126156 0.041953 0.047969
0 0.933227 0.277836 0.063547 0.063547
0 0.937430 0.189703 0.040766 0.038375
0 0.665844 0.282625 0.051562 0.041969
0 0.934430 0.547023 0.044359 0.040766
