0 0.840492 0.205305 0.042578 0.041391
0 0.203414 0.646891 0.042234 0.038438
0 0.615617 0.536969 0.040359 0.037500
0 0.626680 0.737430 0.063391 0.051453
0 0.122680 0.069766 0.055453 0.053156
0 0.125500 0.159437 0.042844 0.040125
0 0.856500 0.698578 0.035781 0.034906
0 0.845898 0.375547 0.038672 0.040750
0 0.331313 0.184078 0.037281 0.036187
0 0.607648 0.237563 0.037609 0.034250
0 0.552391 0.309602 0.039000 0.037297
0 0.200219 0.508258 0.044375 0.037891
0 0.403570 0.635336 0.040203 0.034484
0 0.835234 0.149961 0.038125 0.035609
0 0.148727 0.574531 0.035109 0.034469
0 0.351625 0.658766 0.036375 0.033219
0 0.624539 0.687516 0.053422 0.040656
0 0.404344 0.725578 0.040125 0.039469
0 0.137906 0.394258 0.042469 0.038172
0 0.352148 0.469750 0.039984 0.039000
0 0.342289 0.416422 0.046203 0.043625
0 0.603281 0.148977 0.034281 0.033891
0 0.205313 0.829453 0.046719 0.048281
0 0.199305 0.725344 0.043109 0.038156
0 0.145859 0.711094 0.035594 0.032813
0 0.562688 0.412891 0.036219 0.034344
0 0.569836 0.620906 0.039109 0.033125
0 0.146055 0.621984 0.034484 0.032750
0 0.198969 0.557133 0.035062 0.035391
0 0.397313 0.436016 0.035438 0.033531
0 0.567047 0.723789 0.036062 0.034047
0 0.792664 0.293914 0.034953 0.037672
0 0.155609 0.856102 0.041531 0.042234
0 0.619836 0.323281 0.032609 0.034000
0 0.199336 0.778531 0.046109 0.041719
0 0.382312 0.159016 0.036406 0.034125
0 0.326305 0.086336 0.038297 0.036234
0 0.547711 0.263156 0.036641 0.033094
0 0.568328 0.572898 0.033812 0.032828
0 0.798695 0.562031 0.037984 0.035250
0 0.355430 0.521648 0.033734 0.035516
0 0.169570 0.049000 0.043172 0.038563
0 0.620133 0.645922 0.041359 0.031813
0 0.197266 0.414453 0.040594 0.032875
0 0.551148 0.177531 0.035047 0.030969
0 0.549687 0.133180 0.033500 0.031141
0 0.788133 0.185266 0.033328 0.034156
0 0.147570 0.807445 0.038297 0.033078
0 0.840141 0.431203 0.035406 0.036188
0 0.334320 0.228562 0.035391 0.031688
0 0.143320 0.664430 0.034547 0.034078
0 0.784703 0.016508 0.038375 0.032422
0 0.603000 0.061094 0.032469 0.031719
0 0.602469 0.190828 0.031531 0.030344
0 0.133094 0.302414 0.037125 0.032391
0 0.982742 0.127609 0.032859 0.032219
0 0.376023 0.110320 0.031422 0.031547
0 0.832930 0.098156 0.032797 0.031125
0 0.544883 0.047773 0.033641 0.029516
0 0.358422 0.699211 0.034844 0.032141
0 0.984852 0.430742 0.029703 0.035453
0 0.790391 0.238648 0.032313 0.034734
0 0.361039 0.748406 0.032453 0.033156
0 0.565297 0.674367 0.032813 0.032453
0 0.566000 0.465961 0.035062 0.032797
0 0.547383 0.086141 0.031984 0.030312
0 0.977203 0.027633 0.041156 0.037484
0 0.982492 0.077930 0.033453 0.032484
0 0.798805 0.515766 0.030734 0.029594
0 0.197531 0.452578 0.038250 0.029375
0 0.848734 0.643094 0.032250 0.030281
0 0.569797 0.815148 0.036531 0.037203
0 0.602680 0.022898 0.030922 0.028797
0 0.600781 0.097664 0.032312 0.029891
0 0.982984 0.328547 0.031625 0.030375
0 0.619969 0.785914 0.031844 0.033828
0 0.401219 0.679688 0.033281 0.028438
0 0.620086 0.474156 0.036484 0.032688
0 0.362406 0.791438 0.035000 0.032625
0 0.838500 0.038164 0.031312 0.030203
0 0.846703 0.537695 0.029500 0.030484
0 0.405484 0.587133 0.029719 0.031422
0 0.168570 0.136758 0.033141 0.033328
0 0.374281 0.058547 0.029375 0.030344
0 0.860570 0.747687 0.033766 0.033969
0 0.794164 0.461859 0.029797 0.034531
0 0.354359 0.608609 0.029062 0.030563
0 0.136500 0.343469 0.034625 0.026844
0 0.791695 0.352125 0.028172 0.028156
0 0.624539 0.428852 0.031266 0.029734
0 0.369609 0.839133 0.033250 0.035141
0 0.807359 0.725250 0.029562 0.032500
0 0.128398 0.204656 0.036484 0.032938
0 0.559016 0.360539 0.031281 0.029297
0 0.986844 0.487344 0.026250 0.037656
0 0.840242 0.261375 0.027391 0.029969
0 0.388172 0.288617 0.032594 0.029922
0 0.802437 0.669484 0.028313 0.028625
0 0.564727 0.517273 0.030922 0.028266
0 0.186789 0.366508 0.033672 0.029266
0 0.327648 0.138727 0.031734 0.030516
0 0.804273 0.614414 0.026297 0.028172
0 0.423625 0.815133 0.034437 0.032422
0 0.340570 0.367320 0.032172 0.028578
0 0.397313 0.395484 0.026188 0.026281
0 0.649055 0.050562 0.038516 0.046344
0 0.344547 0.316391 0.033406 0.029937
0 0.149242 0.757297 0.033141 0.027750
0 0.146852 0.489813 0.028578 0.029781
0 0.793750 0.404375 0.027688 0.029500
0 0.619539 0.595664 0.032297 0.031328
0 0.383250 0.202984 0.027625 0.026406
0 0.617125 0.275844 0.030625 0.026875
0 0.389023 0.248672 0.031297 0.026969
0 0.788828 0.125000 0.025906 0.029500
0 0.857453 0.806258 0.040969 0.044734
0 0.141836 0.439758 0.029641 0.029547
0 0.169461 0.089273 0.030203 0.028797
0 0.548141 0.219125 0.030969 0.026063
0 0.399500 0.490820 0.028938 0.028391
0 0.842656 0.318297 0.023438 0.024719
0 0.355430 0.566984 0.028609 0.026281
0 0.984797 0.280445 0.027062 0.027297
0 0.619273 0.370203 0.028078 0.028469
0 0.565352 0.769172 0.028141 0.026594
0 0.785320 0.065484 0.026828 0.028781
0 0.843602 0.481883 0.028891 0.029828
0 0.151078 0.531813 0.033906 0.026000
0 0.371797 0.013898 0.030437 0.027078
0 0.393836 0.338414 0.031734 0.029859
0 0.403297 0.536766 0.026906 0.027031
0 0.167867 0.181375 0.026828 0.025188
0 0.544594 0.012344 0.032813 0.024375
0 0.981242 0.230234 0.026922 0.028500
0 0.204516 0.595242 0.030562 0.024578
0 0.417797 0.770555 0.028188 0.027391
0 0.179508 0.279984 0.026516 0.025812
0 0.121141 0.024930 0.030719 0.027984
0 0.185602 0.318078 0.026953 0.024906
0 0.337562 0.271680 0.030281 0.028859
0 0.133109 0.256234 0.036531 0.034531
0 0.129047 0.113961 0.027844 0.025547
0 0.324602 0.033656 0.030203 0.030187
0 0.983297 0.178914 0.029313 0.030391
0 0.847242 0.586922 0.026484 0.026625
0 0.984062 0.381766 0.026938 0.028500
0 0.173695 0.237203 0.027891 0.025969
0 0.206312 0.685828 0.032625 0.025625
