0 0.178805 0.396750 0.045703 0.042281
0 0.181727 0.349148 0.047578 0.039172
0 0.119227 0.524320 0.044016 0.035922
0 0.114320 0.324414 0.046891 0.042922
0 0.117938 0.115813 0.059437 0.055188
0 0.264164 0.605828 0.045016 0.043500
0 0.178578 0.598305 0.041063 0.036172
0 0.175328 0.096664 0.040375 0.038609
0 0.298109 0.374688 0.052219 0.047375
0 0.109633 0.373266 0.040016 0.037906
0 0.112422 0.621781 0.037062 0.037656
0 0.309008 0.049508 0.039578 0.039609
0 0.165563 0.711695 0.041094 0.038328
0 0.170789 0.651766 0.040359 0.040062
0 0.110305 0.220219 0.038516 0.037437
0 0.365828 0.189336 0.050875 0.049547
0 0.175539 0.547344 0.040578 0.042250
0 0.183305 0.297297 0.041859 0.035812
0 0.114586 0.418641 0.052828 0.042875
0 0.178648 0.245789 0.041078 0.037141
0 0.113961 0.571070 0.039891 0.039734
0 0.297727 0.321070 0.039516 0.035172
0 0.176148 0.047156 0.036547 0.039094
0 0.301516 0.266023 0.043562 0.044672
0 0.115258 0.467633 0.042141 0.041109
0 0.311633 0.107617 0.037797 0.039359
0 0.177594 0.494758 0.037344 0.035828
0 0.304250 0.210805 0.036344 0.037578
0 0.360539 0.347242 0.042453 0.044109
0 0.115844 0.737672 0.040000 0.037719
0 0.336859 0.533734 0.031875 0.032531
0 0.332492 0.587656 0.032703 0.034031
0 0.181086 0.444508 0.037578 0.035328
0 0.274266 0.553250 0.038875 0.032344
0 0.274328 0.493547 0.041812 0.040312
0 0.108156 0.678312 0.036594 0.033219
0 0.365719 0.135141 0.038500 0.032094
0 0.329063 0.632977 0.038219 0.034047
0 0.160906 0.772516 0.043344 0.040656
0 0.287117 0.427102 0.047766 0.042172
0 0.174992 0.145172 0.033484 0.029313
0 0.110914 0.162352 0.038422 0.034109
0 0.120484 0.022156 0.031500 0.029844
0 0.171687 0.201758 0.037625 0.029453
0 0.121883 0.067992 0.038328 0.032672
0 0.304352 0.153500 0.026141 0.027844
0 0.345281 0.451937 0.030125 0.034031
0 0.365977 0.297109 0.027734 0.029656
0 0.111953 0.260883 0.033625 0.029797
0 0.373508 0.027367 0.028984 0.027391
0 0.373500 0.078445 0.028594 0.032766
0 0.349891 0.406062 0.029438 0.027125
