0 0.179078 0.475430 0.053500 0.054828
0 0.922789 0.812969 0.059359 0.069500
0 0.642258 0.576695 0.057516 0.066766
0 0.841086 0.745125 0.056297 0.070906
0 0.402016 0.096398 0.049500 0.041891
0 0.866656 0.418555 0.066406 0.068859
0 0.935055 0.037164 0.059797 0.049953
0 0.035422 0.244586 0.058688 0.059172
0 0.578734 0.781445 0.054281 0.054109
0 0.400828 0.184289 0.046250 0.041203
0 0.541852 0.752250 0.053734 0.060937
0 0.440594 0.579570 0.053094 0.059422
0 0.405867 0.366625 0.047766 0.051188
0 0.515242 0.713914 0.046328 0.050359
0 0.165406 0.019789 0.044937 0.038641
0 0.067844 0.411703 0.048125 0.049781
0 0.337648 0.123359 0.037641 0.033750
0 0.215469 0.092031 0.055156 0.049969
0 0.155461 0.192875 0.058547 0.053563
0 0.664594 0.037648 0.060594 0.068141
0 0.371109 0.524141 0.043562 0.045250
0 0.894438 0.700695 0.047625 0.056484
0 0.562289 0.349742 0.051672 0.049484
0 0.427977 0.947711 0.053078 0.046859
0 0.339969 0.167195 0.039844 0.043016
0 0.395016 0.233687 0.046500 0.040531
0 0.338297 0.298711 0.040594 0.035953
0 0.044641 0.370367 0.044719 0.044828
0 0.344727 0.936484 0.050922 0.057125
0 0.218430 0.045906 0.046828 0.038594
0 0.399023 0.303711 0.055047 0.052859
0 0.254836 0.835922 0.045109 0.047438
0 0.083133 0.323117 0.052609 0.048828
0 0.533625 0.661789 0.044594 0.044859
0 0.980102 0.778867 0.039141 0.063078
0 0.128562 0.398602 0.044000 0.041391
0 0.403367 0.014406 0.042172 0.028437
0 0.161531 0.743344 0.051719 0.054750
0 0.273539 0.782469 0.042984 0.041031
0 0.576531 0.170578 0.058937 0.050219
0 0.717664 0.637937 0.068484 0.071375
0 0.932414 0.086695 0.048641 0.042891
0 0.937211 0.137227 0.043422 0.044828
0 0.340727 0.346195 0.041141 0.044703
0 0.191594 0.771500 0.043562 0.045875
0 0.695508 0.539570 0.049016 0.062328
0 0.383992 0.601602 0.045203 0.049859
0 0.768734 0.684172 0.049875 0.056000
0 0.863687 0.063734 0.048219 0.043719
0 0.345414 0.578641 0.054828 0.065125
0 0.611391 0.724031 0.059656 0.060688
0 0.657367 0.510289 0.042703 0.045391
0 0.339313 0.256766 0.041625 0.037344
0 0.060484 0.285375 0.039313 0.037594
0 0.107836 0.361852 0.044047 0.040703
0 0.802984 0.709617 0.042750 0.044578
0 0.855961 0.018312 0.044203 0.036281
0 0.338984 0.078375 0.038750 0.040125
0 0.224164 0.176297 0.047172 0.045562
0 0.678148 0.604273 0.044359 0.051516
0 0.130484 0.716703 0.049438 0.055063
0 0.945969 0.424242 0.034531 0.036109
0 0.379703 0.972969 0.041500 0.050938
0 0.238914 0.748555 0.041734 0.042328
0 0.160523 0.146023 0.044109 0.034359
0 0.160523 0.063102 0.039078 0.036047
0 0.567672 0.260141 0.037813 0.037875
0 0.280750 0.866992 0.040719 0.044359
0 0.863977 0.113445 0.041078 0.038203
0 0.187047 0.686102 0.049219 0.046672
0 0.550758 0.394828 0.053859 0.049625
0 0.403984 0.050539 0.036875 0.032109
0 0.332977 0.853992 0.046672 0.048891
0 0.399969 0.911805 0.036406 0.035859
0 0.162625 0.107703 0.035406 0.032594
0 0.016242 0.578766 0.032078 0.050406
0 0.403961 0.139711 0.034172 0.034141
0 0.065242 0.561539 0.052422 0.062516
0 0.695453 0.799297 0.041906 0.042625
0 0.340867 0.213102 0.033578 0.032047
0 0.878375 0.363172 0.043406 0.041063
0 0.220547 0.132758 0.030625 0.027422
0 0.799953 0.981070 0.045437 0.036203
0 0.313836 0.902008 0.045922 0.042484
0 0.928383 0.472633 0.040141 0.045234
0 0.100477 0.677844 0.042047 0.040969
0 0.405211 0.550773 0.039766 0.039766
0 0.830367 0.381281 0.035234 0.041063
0 0.570836 0.684578 0.039984 0.037187
0 0.367523 0.877320 0.046391 0.048234
0 0.321820 0.543375 0.029109 0.029625
0 0.849875 0.944461 0.040437 0.042766
0 0.588125 0.087547 0.054406 0.043469
0 0.498242 0.632531 0.037641 0.040937
0 0.767641 0.589281 0.045437 0.049219
0 0.024703 0.332234 0.037312 0.040094
0 0.915328 0.388195 0.039375 0.041016
0 0.572000 0.212094 0.042156 0.037562
0 0.224070 0.012469 0.039953 0.024906
0 0.978547 0.448078 0.041500 0.049250
0 0.953906 0.748695 0.034625 0.038766
0 0.153289 0.653641 0.042297 0.052125
0 0.419492 0.632633 0.033672 0.032047
0 0.957297 0.501102 0.034656 0.034266
0 0.092758 0.443984 0.038766 0.042531
0 0.882062 0.970953 0.039344 0.046031
0 0.015164 0.210648 0.030328 0.042891
0 0.589711 0.123031 0.059984 0.051906
0 0.734492 0.648602 0.041109 0.051734
0 0.594180 0.046547 0.035891 0.032563
0 0.342344 0.008250 0.041375 0.016500
0 0.034164 0.525344 0.048422 0.046719
0 0.728313 0.836742 0.031250 0.032359
0 0.010281 0.295031 0.020563 0.033625
0 0.094055 0.599180 0.043016 0.058266
0 0.044812 0.618602 0.038844 0.044391
0 0.067008 0.649820 0.033297 0.037453
0 0.116250 0.627625 0.043125 0.056875
