0 0.804562 0.987203 0.033562 0.025594
0 0.990734 0.207445 0.018531 0.033891
0 0.951969 0.381141 0.031656 0.029375
0 0.254883 0.533102 0.043672 0.039922
0 0.650969 0.911328 0.042125 0.036812
0 0.694109 0.557867 0.037500 0.035922
0 0.723938 0.374719 0.036500 0.037000
0 0.657750 0.486703 0.038531 0.036406
0 0.157703 0.245609 0.039875 0.033094
0 0.773273 0.099734 0.035047 0.036094
0 0.164500 0.156391 0.039594 0.039562
0 0.750273 0.236258 0.033641 0.033422
0 0.642961 0.956531 0.039266 0.037250
0 0.057758 0.558625 0.035922 0.033563
0 0.113445 0.585273 0.034672 0.035109
0 0.349688 0.189562 0.035750 0.030969
0 0.249492 0.623570 0.034422 0.033891
0 0.700469 0.513164 0.034687 0.032078
0 0.124758 0.500531 0.035297 0.033187
0 0.301523 0.649445 0.037141 0.035891
0 0.073711 0.850977 0.030859 0.031172
0 0.263445 0.928273 0.032078 0.028453
0 0.266891 0.434555 0.036906 0.034109
0 0.688117 0.601555 0.033891 0.031078
0 0.147297 0.322773 0.032594 0.030391
0 0.683055 0.647250 0.030797 0.031469
0 0.229758 0.762172 0.035234 0.034031
0 0.121687 0.038078 0.033031 0.031375
0 0.237344 0.714398 0.034687 0.031484
0 0.655781 0.865844 0.036688 0.030250
0 0.343625 0.234328 0.034313 0.032000
0 0.948719 0.183273 0.032875 0.032047
0 0.662836 0.823578 0.032609 0.029594
0 0.299578 0.075164 0.032687 0.031203
0 0.737508 0.283023 0.030672 0.030672
0 0.912352 0.652617 0.029641 0.028391
0 0.111945 0.124477 0.032859 0.031109
0 0.668273 0.781273 0.035953 0.032828
0 0.289352 0.257008 0.039547 0.034797
0 0.958922 0.040875 0.031813 0.031313
0 0.313320 0.515125 0.032984 0.028562
0 0.704492 0.209234 0.032484 0.030906
0 0.326359 0.415477 0.031969 0.030203
0 0.687539 0.296930 0.031172 0.031828
0 0.361133 0.104297 0.031891 0.028750
0 0.320555 0.463891 0.031016 0.031219
0 0.696750 0.251508 0.030969 0.033891
0 0.169453 0.108453 0.034219 0.030719
0 0.075102 0.472070 0.032203 0.031453
0 0.848844 0.726250 0.029875 0.028875
0 0.308008 0.559758 0.032422 0.031422
0 0.598867 0.887438 0.031516 0.033000
0 0.277344 0.786570 0.032937 0.030234
0 0.892922 0.446805 0.030813 0.032453
0 0.103414 0.212195 0.034172 0.033109
0 0.214609 0.899687 0.032406 0.031906
0 0.899664 0.752766 0.028672 0.028250
0 0.628102 0.663813 0.030891 0.032594
0 0.049031 0.646359 0.031781 0.030281
0 0.840687 0.772656 0.030125 0.032062
0 0.298438 0.121773 0.031094 0.030797
0 0.855031 0.677641 0.027531 0.028937
0 0.141508 0.367320 0.037141 0.034703
0 0.209563 0.942148 0.033031 0.027828
0 0.071664 0.891508 0.028578 0.027891
0 0.766156 0.151359 0.029406 0.031531
0 0.158570 0.197711 0.029672 0.028828
0 0.677406 0.738477 0.030250 0.031359
0 0.106125 0.170680 0.033656 0.029734
0 0.351422 0.146742 0.032781 0.028547
0 0.889789 0.491750 0.030391 0.029750
0 0.922297 0.564992 0.026344 0.030109
0 0.093352 0.719437 0.032391 0.031531
0 0.029477 0.781312 0.031828 0.032313
0 0.100195 0.669086 0.032953 0.028297
0 0.063008 0.975633 0.029734 0.029109
0 0.273297 0.834656 0.029500 0.029250
0 0.610234 0.798023 0.028375 0.028641
0 0.263500 0.485516 0.029562 0.030531
0 0.094336 0.258086 0.032797 0.029734
0 0.871859 0.583781 0.029844 0.029875
0 0.710375 0.166695 0.031813 0.029797
0 0.590961 0.929289 0.028047 0.029266
0 0.947078 0.469195 0.028281 0.027297
0 0.085555 0.807617 0.030172 0.030703
0 0.136813 0.412086 0.033594 0.026984
0 0.223898 0.808805 0.031984 0.029641
0 0.904055 0.401266 0.028109 0.031937
0 0.669555 0.390664 0.029266 0.028547
0 0.727680 0.073336 0.029734 0.031922
0 0.683250 0.694500 0.030500 0.030344
0 0.153859 0.285367 0.026594 0.024297
0 0.953195 0.086047 0.027328 0.028750
0 0.919109 0.604516 0.025375 0.025250
0 0.917727 0.311086 0.026266 0.031953
0 0.068508 0.934000 0.030422 0.029938
0 0.638031 0.574602 0.031281 0.031047
0 0.289656 0.207945 0.032813 0.031047
0 0.717078 0.421055 0.027531 0.029172
0 0.088766 0.384422 0.031875 0.030000
0 0.824117 0.859977 0.028422 0.029297
0 0.953148 0.132797 0.030078 0.030156
0 0.106445 0.629586 0.031484 0.026797
0 0.279867 0.299672 0.026609 0.029813
0 0.175797 0.059227 0.034250 0.031859
0 0.358625 0.053430 0.030875 0.028203
0 0.705508 0.465695 0.030547 0.028797
0 0.732750 0.325203 0.027594 0.029125
0 0.879789 0.533836 0.026641 0.029234
0 0.783820 0.061055 0.035266 0.032547
0 0.092523 0.340391 0.027172 0.027406
0 0.605984 0.838781 0.027438 0.029937
0 0.333273 0.325984 0.029297 0.030812
0 0.880062 0.887633 0.030813 0.033516
0 0.294281 0.694203 0.026469 0.025719
0 0.632227 0.617398 0.029297 0.027672
0 0.302633 0.604539 0.030797 0.026891
0 0.254328 0.576969 0.027781 0.027906
0 0.755344 0.189359 0.031062 0.027781
0 0.362484 0.012828 0.042281 0.025531
0 0.095422 0.299961 0.029719 0.028109
0 0.866797 0.629391 0.026094 0.026750
0 0.910141 0.354383 0.026750 0.026422
0 0.892180 0.795312 0.024516 0.026781
0 0.302133 0.026805 0.029266 0.028297
0 0.622375 0.709180 0.027688 0.030359
0 0.933406 0.516312 0.024531 0.029344
0 0.909883 0.701031 0.034891 0.033344
0 0.120141 0.540172 0.028125 0.025813
0 0.796023 0.014398 0.035422 0.028328
0 0.663109 0.438195 0.029906 0.029953
0 0.739500 0.028711 0.028406 0.027859
0 0.294820 0.166828 0.026828 0.025781
0 0.219656 0.854180 0.029375 0.028609
0 0.242109 0.669211 0.025438 0.026484
0 0.270758 0.342914 0.030328 0.027672
0 0.067320 0.513320 0.030734 0.028484
0 0.086555 0.763656 0.025672 0.025281
0 0.015891 0.952727 0.030594 0.034891
0 0.616906 0.756656 0.028344 0.029156
0 0.832789 0.816125 0.026641 0.026531
0 0.720164 0.118672 0.028109 0.026094
0 0.205359 0.985570 0.031469 0.028516
0 0.325922 0.373375 0.028000 0.027781
0 0.818844 0.904000 0.025469 0.026937
0 0.131945 0.455945 0.026922 0.025703
0 0.259430 0.966539 0.025141 0.027984
0 0.677664 0.342836 0.029641 0.028703
0 0.940773 0.227539 0.025828 0.027922
0 0.645984 0.531547 0.029156 0.029031
0 0.870273 0.934156 0.030109 0.029563
0 0.334867 0.277891 0.033016 0.030344
0 0.016055 0.907719 0.026891 0.028625
0 0.116297 0.081344 0.029750 0.027500
0 0.884336 0.838391 0.025766 0.028625
0 0.967508 0.337320 0.029797 0.032859
0 0.031844 0.736430 0.027312 0.029203
0 0.816047 0.946727 0.025719 0.027359
0 0.930656 0.266852 0.026938 0.027516
0 0.016719 0.868008 0.027375 0.028922
0 0.953164 0.427422 0.025672 0.026969
0 0.180359 0.013508 0.033313 0.026547
0 0.040727 0.690406 0.026891 0.027719
0 0.266844 0.880039 0.026938 0.027297
0 0.268102 0.391242 0.028672 0.027234
0 0.862375 0.976484 0.029813 0.029875
0 0.080508 0.429937 0.027422 0.024844
0 0.975398 0.293961 0.027109 0.025672
0 0.024398 0.826852 0.027234 0.026484
0 0.288312 0.740742 0.026906 0.026453
0 0.052687 0.600383 0.027812 0.026984
