0 0.839914 0.473398 0.032141 0.040297
0 0.694023 0.683234 0.038516 0.046625
0 0.869156 0.887328 0.040625 0.046687
0 0.932898 0.537188 0.044422 0.050250
0 0.500242 0.886594 0.039891 0.045656
0 0.775320 0.936914 0.035453 0.046016
0 0.732875 0.940133 0.042781 0.054391
0 0.728992 0.093266 0.042672 0.045375
0 0.346828 0.946187 0.035500 0.037469
0 0.873688 0.336141 0.038937 0.045156
0 0.174172 0.318266 0.047313 0.051594
0 0.221508 0.534023 0.036734 0.040078
0 0.890250 0.094742 0.040312 0.046547
0 0.523336 0.083516 0.041547 0.049969
0 0.806570 0.279719 0.046078 0.052219
0 0.912320 0.475047 0.037734 0.044844
0 0.700047 0.531992 0.036281 0.045047
0 0.184844 0.946523 0.043281 0.050047
0 0.912187 0.885461 0.033594 0.036391
0 0.285992 0.262656 0.035109 0.037812
0 0.930359 0.936375 0.039094 0.048594
0 0.762320 0.278867 0.037078 0.046047
0 0.973484 0.536742 0.031687 0.042672
0 0.970211 0.093437 0.037797 0.042625
0 0.919898 0.737094 0.037859 0.040719
0 0.978172 0.283664 0.041844 0.051109
0 0.595328 0.885094 0.039562 0.042375
0 0.850602 0.097727 0.032203 0.036984
0 0.801898 0.474258 0.035641 0.041859
0 0.060664 0.949836 0.045984 0.050891
0 0.123656 0.738445 0.034594 0.037922
0 0.545531 0.887359 0.035187 0.039625
0 0.303383 0.316516 0.041391 0.048000
0 0.106586 0.683688 0.040297 0.043031
0 0.459398 0.696305 0.043641 0.047516
0 0.888398 0.938320 0.032391 0.039766
0 0.759437 0.884055 0.037469 0.040391
0 0.598445 0.739047 0.033703 0.040406
0 0.722961 0.474273 0.038109 0.042172
0 0.978859 0.942281 0.039625 0.043312
0 0.859633 0.535492 0.031422 0.043703
0 0.648719 0.938961 0.039219 0.048734
0 0.449477 0.271594 0.033609 0.041969
0 0.564328 0.939867 0.039906 0.042922
0 0.793242 0.143937 0.034734 0.038656
0 0.731984 0.683148 0.036375 0.044828
0 0.772750 0.682172 0.039438 0.050063
0 0.439445 0.476125 0.037109 0.039500
0 0.588516 0.146258 0.037125 0.049297
0 0.874859 0.141547 0.033156 0.032937
0 0.653562 0.682758 0.035000 0.045922
0 0.954953 0.476578 0.043750 0.052781
0 0.035297 0.257461 0.036219 0.039141
0 0.637086 0.744000 0.035172 0.041656
0 0.260562 0.534586 0.034937 0.043734
0 0.712773 0.140820 0.033141 0.034828
0 0.334352 0.890805 0.042828 0.046703
0 0.809883 0.095281 0.036734 0.038031
0 0.561469 0.740961 0.035062 0.044453
0 0.951313 0.887180 0.033219 0.036953
0 0.555414 0.474008 0.038859 0.048641
0 0.457703 0.888977 0.036531 0.038047
0 0.116727 0.260445 0.038734 0.042016
0 0.411797 0.271711 0.033500 0.040141
0 0.454633 0.535805 0.036172 0.040172
0 0.837328 0.736219 0.032531 0.037094
0 0.971445 0.680148 0.032609 0.039703
0 0.495625 0.532797 0.032437 0.040406
0 0.545836 0.141656 0.037266 0.038625
0 0.820977 0.537930 0.039234 0.045234
0 0.199648 0.262680 0.038609 0.048328
0 0.050164 0.309602 0.032828 0.037172
0 0.895352 0.535992 0.031203 0.045609
0 0.861367 0.274891 0.041172 0.044750
0 0.430750 0.946562 0.035531 0.044531
0 0.614945 0.537187 0.041484 0.046406
0 0.538180 0.683828 0.031828 0.036531
0 0.201672 0.481898 0.038125 0.043172
0 0.042148 0.896898 0.039672 0.043203
0 0.627992 0.274148 0.038797 0.049703
0 0.801422 0.885734 0.033344 0.036156
0 0.035500 0.035250 0.039000 0.040656
0 0.851445 0.941375 0.034703 0.039906
0 0.501172 0.139109 0.034906 0.040219
0 0.043883 0.739648 0.034984 0.038641
0 0.770633 0.089773 0.030391 0.035297
0 0.956555 0.734664 0.028641 0.040984
0 0.320789 0.748312 0.037578 0.038375
0 0.584023 0.276383 0.037422 0.038828
0 0.472469 0.946008 0.033094 0.033391
0 0.815320 0.938563 0.032422 0.041063
0 0.629969 0.139937 0.037281 0.038531
0 0.121484 0.048469 0.044062 0.047750
0 0.932875 0.680625 0.033938 0.038844
0 0.779070 0.535977 0.034297 0.047141
0 0.672039 0.138844 0.030641 0.033875
0 0.488086 0.740367 0.031891 0.031797
0 0.413938 0.892695 0.033750 0.038297
0 0.355102 0.074430 0.032391 0.033078
0 0.917789 0.328750 0.028922 0.035125
0 0.649898 0.090055 0.041859 0.053734
0 0.799320 0.737891 0.033484 0.035625
0 0.291773 0.889539 0.031297 0.035078
0 0.752289 0.140695 0.036203 0.035234
0 0.156617 0.263711 0.035234 0.039047
0 0.181547 0.687711 0.035438 0.036766
0 0.473625 0.320875 0.035875 0.041187
0 0.396453 0.081062 0.042156 0.046812
0 0.816469 0.681422 0.032437 0.040062
0 0.376406 0.895742 0.032406 0.035734
0 0.340219 0.689602 0.029656 0.030453
0 0.374414 0.532977 0.034016 0.039359
0 0.724367 0.281094 0.033078 0.041938
0 0.739312 0.536930 0.036750 0.047234
0 0.611609 0.942602 0.033531 0.040672
0 0.235242 0.115086 0.034328 0.034703
0 0.576117 0.682273 0.033297 0.037516
0 0.714117 0.884203 0.035359 0.045344
0 0.439992 0.083844 0.034578 0.041250
0 0.492180 0.270148 0.032859 0.038328
0 0.326367 0.125328 0.036984 0.039937
0 0.366578 0.270602 0.038469 0.042609
0 0.499844 0.689453 0.030031 0.032844
0 0.514023 0.476758 0.032453 0.040266
0 0.082570 0.739266 0.030172 0.034844
0 0.252789 0.896195 0.033203 0.038172
0 0.876945 0.472312 0.026734 0.036437
0 0.143227 0.536797 0.031609 0.037969
0 0.689539 0.091930 0.029922 0.038766
0 0.693219 0.334687 0.038250 0.048250
0 0.084961 0.476922 0.030328 0.032688
0 0.227969 0.948492 0.030063 0.036297
0 0.643359 0.474555 0.030156 0.034703
0 0.903234 0.277945 0.033188 0.037766
0 0.894000 0.679570 0.031719 0.034078
0 0.335203 0.533367 0.032750 0.037516
0 0.324180 0.264375 0.032141 0.037344
0 0.085305 0.894953 0.036641 0.039594
0 0.953875 0.328242 0.033469 0.038078
0 0.682320 0.475000 0.031891 0.037844
0 0.560867 0.328070 0.035203 0.035609
0 0.832953 0.143070 0.029781 0.030328
0 0.933281 0.091531 0.026594 0.031469
0 0.181859 0.539641 0.034500 0.042219
0 0.918852 0.139719 0.025484 0.028750
0 0.755617 0.736344 0.028484 0.033375
0 0.540828 0.275445 0.035219 0.037984
0 0.010180 0.101945 0.020359 0.030203
0 0.044742 0.102719 0.036391 0.024000
0 0.102406 0.109297 0.034062 0.034062
0 0.146531 0.111234 0.029406 0.036375
0 0.191437 0.117430 0.023219 0.033297
0 0.277359 0.118203 0.027875 0.031750
0 0.218531 0.060148 0.034062 0.031734
0 0.261484 0.063242 0.027094 0.031734
0 0.302516 0.060914 0.037937 0.039484
0 0.076477 0.041180 0.030203 0.038703
0 0.458883 0.136000 0.031734 0.030188
0 0.087313 0.311344 0.030188 0.030969
0 0.518797 0.324281 0.024875 0.039375
0 0.400656 0.323758 0.031094 0.027984
0 0.602984 0.327414 0.029437 0.030766
0 0.648820 0.327078 0.022078 0.027438
0 0.739805 0.333766 0.022078 0.020750
0 0.419672 0.134727 0.034781 0.026766
0 0.369828 0.124023 0.027438 0.025422
0 0.354695 0.475602 0.031734 0.025547
0 0.394172 0.469414 0.024000 0.025547
0 0.036922 0.474828 0.026312 0.033281
0 0.127875 0.478703 0.034844 0.022438
0 0.021437 0.528633 0.029406 0.035609
0 0.060531 0.529406 0.036375 0.029406
0 0.095750 0.530180 0.029406 0.029422
0 0.412359 0.532117 0.030969 0.037922
0 0.535828 0.535211 0.033281 0.031734
0 0.572211 0.533273 0.025547 0.027859
0 0.663164 0.533281 0.035609 0.040250
0 0.222703 0.686937 0.034063 0.030187
0 0.257539 0.693898 0.024766 0.039484
0 0.298961 0.691969 0.025547 0.029406
0 0.374039 0.688867 0.034828 0.029422
0 0.406555 0.743445 0.031734 0.031734
0 0.365914 0.743055 0.029422 0.029422
0 0.206445 0.737641 0.032516 0.027875
0 0.250570 0.746930 0.024766 0.029422
0 0.518805 0.942391 0.031734 0.033281
0 0.398039 0.945875 0.030203 0.024781
0 0.307078 0.944320 0.034063 0.032516
0 0.266828 0.943937 0.037156 0.028656
0 0.103102 0.942391 0.028641 0.027094
0 0.692516 0.942312 0.044125 0.051875
0 0.634070 0.881930 0.032516 0.042578
0 0.832844 0.885148 0.029563 0.035828
0 0.987398 0.881117 0.025203 0.031359
0 0.987852 0.737813 0.024297 0.042094
0 0.878078 0.737367 0.028656 0.035828
0 0.858812 0.678695 0.031344 0.034922
0 0.620570 0.682281 0.034922 0.029563
0 0.672523 0.738711 0.022391 0.033141
0 0.719539 0.736922 0.032234 0.042094
0 0.170500 0.055766 0.032250 0.035812
0 0.481742 0.083977 0.036734 0.033141
0 0.565937 0.086219 0.025969 0.044781
0 0.604930 0.088461 0.048297 0.043891
0 0.943453 0.282813 0.032250 0.031344
0 0.603430 0.479039 0.035484 0.027984
0 0.214734 0.895172 0.037937 0.034844
