0 0.052875 0.030430 0.057844 0.060859
0 0.467914 0.062703 0.068922 0.069531
0 0.669063 0.961078 0.061844 0.071188
0 0.287984 0.622180 0.049937 0.055391
0 0.369445 0.688852 0.053953 0.059172
0 0.260914 0.230852 0.063672 0.072016
0 0.653359 0.243578 0.055938 0.058562
0 0.217930 0.567883 0.062047 0.066422
0 0.594812 0.811109 0.044781 0.046750
0 0.647008 0.609570 0.059922 0.064203
0 0.778844 0.032141 0.058469 0.062563
0 0.678773 0.184336 0.049172 0.050891
0 0.529273 0.750453 0.055047 0.059344
0 0.890336 0.120812 0.059516 0.064156
0 0.384023 0.354711 0.061047 0.067547
0 0.469234 0.432586 0.051156 0.055047
0 0.627477 0.487016 0.050984 0.049250
0 0.422766 0.661383 0.039687 0.041484
0 0.320891 0.974234 0.054500 0.051219
0 0.629836 0.934258 0.051109 0.060859
0 0.196328 0.171602 0.055969 0.070984
0 0.084508 0.056828 0.055891 0.061250
0 0.031320 0.643570 0.057547 0.059766
0 0.740305 0.247375 0.044953 0.048344
0 0.681602 0.647883 0.065359 0.063141
0 0.109727 0.480813 0.049828 0.054344
0 0.769789 0.754859 0.047734 0.048062
0 0.565938 0.875875 0.049906 0.055188
0 0.071648 0.675727 0.062609 0.066922
0 0.536352 0.838703 0.057047 0.067563
0 0.591609 0.544859 0.048750 0.056531
0 0.031984 0.337547 0.045125 0.047344
0 0.417625 0.976945 0.050719 0.046016
0 0.644773 0.150602 0.047109 0.054078
0 0.867258 0.849773 0.049766 0.050766
0 0.066734 0.362375 0.046281 0.046969
0 0.588211 0.174586 0.051141 0.062984
0 0.599750 0.903070 0.052031 0.055422
0 0.314148 0.557469 0.044297 0.047875
0 0.875523 0.750891 0.038547 0.040844
0 0.559016 0.146109 0.055406 0.061500
0 0.504750 0.808250 0.053688 0.058031
0 0.135125 0.417523 0.049500 0.057078
0 0.719898 0.578992 0.046703 0.052016
0 0.284805 0.523875 0.043797 0.045812
0 0.528375 0.113727 0.039562 0.038953
0 0.331555 0.653453 0.043891 0.048156
0 0.293867 0.265016 0.048109 0.057625
0 0.171023 0.441852 0.041297 0.049516
0 0.222703 0.808078 0.055063 0.055406
0 0.319758 0.198555 0.036609 0.040516
0 0.618133 0.207555 0.042703 0.046703
0 0.074844 0.766844 0.040438 0.045469
0 0.978617 0.113039 0.041453 0.045359
0 0.496844 0.460969 0.063156 0.073875
0 0.458047 0.693109 0.040250 0.038375
0 0.350930 0.593109 0.040891 0.045719
0 0.467383 0.782609 0.059422 0.068750
0 0.132914 0.730758 0.061047 0.064359
0 0.172602 0.523344 0.075547 0.090281
0 0.109867 0.090844 0.058359 0.067219
0 0.848352 0.452703 0.059766 0.062281
0 0.687742 0.549633 0.042578 0.042203
0 0.494867 0.720961 0.041047 0.045609
0 0.875664 0.397398 0.040047 0.036703
0 0.713617 0.307875 0.044516 0.050594
0 0.506727 0.371688 0.041734 0.040937
0 0.516492 0.028953 0.051109 0.057031
0 0.909445 0.054844 0.051891 0.056750
0 0.657570 0.869680 0.042203 0.048734
0 0.393844 0.017320 0.055719 0.034547
0 0.807750 0.684445 0.038156 0.037641
0 0.251047 0.926148 0.048125 0.055703
0 0.904500 0.431047 0.041625 0.042687
0 0.803969 0.406563 0.077156 0.087000
0 0.982555 0.193922 0.034391 0.051375
0 0.075594 0.454711 0.046750 0.058578
0 0.259695 0.135016 0.039484 0.041469
0 0.208242 0.463242 0.040797 0.047609
0 0.385633 0.626414 0.042953 0.041641
0 0.410773 0.716047 0.046922 0.049156
0 0.558938 0.516906 0.048281 0.055500
0 0.195266 0.874062 0.058500 0.074500
0 0.736305 0.718008 0.047578 0.050797
0 0.744016 0.016242 0.045688 0.032141
0 0.313891 0.892305 0.052250 0.057609
0 0.331852 0.289781 0.055953 0.061125
0 0.099977 0.387836 0.043609 0.045641
0 0.845617 0.711391 0.041547 0.040937
0 0.561133 0.427352 0.049484 0.058422
0 0.755328 0.955516 0.045719 0.052187
0 0.768906 0.281453 0.044781 0.047844
0 0.847188 0.089859 0.051969 0.051781
0 0.283742 0.864805 0.047234 0.055766
0 0.781633 0.644836 0.034734 0.036078
0 0.576484 0.092156 0.040750 0.041406
0 0.356070 0.229930 0.036766 0.040641
0 0.872773 0.025680 0.050422 0.051359
0 0.473789 0.345094 0.033672 0.038781
0 0.741406 0.340461 0.046344 0.050828
0 0.550711 0.059906 0.038359 0.039750
0 0.750102 0.609797 0.036672 0.039844
0 0.964133 0.486008 0.049078 0.044297
0 0.807094 0.796922 0.043969 0.051219
0 0.243711 0.491914 0.041391 0.046109
0 0.799172 0.311086 0.034281 0.033172
0 0.113703 0.788203 0.043531 0.048969
0 0.162680 0.843781 0.046859 0.057062
0 0.017039 0.704500 0.033453 0.045781
0 0.165406 0.757039 0.053156 0.064266
0 0.252406 0.592125 0.041063 0.044125
0 0.042969 0.424039 0.046063 0.050734
0 0.017320 0.394141 0.034422 0.054906
0 0.708781 0.219883 0.037969 0.045484
0 0.142883 0.108336 0.046484 0.055047
0 0.592758 0.459289 0.037766 0.036141
0 0.626437 0.837805 0.034687 0.038172
0 0.177469 0.055141 0.040875 0.048438
0 0.281086 0.953586 0.050766 0.061359
0 0.979578 0.598742 0.039812 0.051703
0 0.443766 0.315562 0.032781 0.033250
0 0.351047 0.920328 0.035156 0.038687
0 0.616352 0.577359 0.039516 0.043000
0 0.387617 0.257875 0.032484 0.035469
0 0.930344 0.818359 0.063844 0.067375
0 0.223250 0.898594 0.052344 0.058156
0 0.811688 0.065133 0.046031 0.055266
0 0.349672 0.323602 0.044500 0.044359
0 0.721211 0.920211 0.045734 0.052609
0 0.833992 0.820562 0.041703 0.046906
0 0.429766 0.031031 0.045781 0.046719
0 0.981781 0.519656 0.035688 0.052250
0 0.933047 0.456570 0.040437 0.039609
0 0.528867 0.492711 0.047328 0.059359
0 0.042172 0.731000 0.027594 0.030156
0 0.415266 0.283195 0.035750 0.036953
0 0.287664 0.164805 0.027953 0.028734
0 0.233016 0.103875 0.046125 0.051594
0 0.696156 0.896117 0.042906 0.043266
0 0.955961 0.571172 0.049797 0.057531
0 0.151461 0.504008 0.049609 0.056453
0 0.137555 0.814289 0.048047 0.049891
0 0.825859 0.341547 0.034781 0.033156
0 0.438930 0.753172 0.056578 0.062906
0 0.560703 0.782164 0.038344 0.045609
0 0.875742 0.483711 0.054922 0.051828
0 0.908906 0.511695 0.052844 0.053891
0 0.935852 0.544336 0.048703 0.054922
0 0.853977 0.370234 0.034203 0.032125
0 0.607336 0.114781 0.040422 0.031094
