0 0.867062 0.454484 0.031281 0.033188
0 0.924641 0.523453 0.034781 0.033062
0 0.701937 0.848586 0.035094 0.034453
0 0.870680 0.271937 0.033641 0.033500
0 0.926625 0.057656 0.032062 0.032281
0 0.923945 0.663453 0.030828 0.030156
0 0.929883 0.381805 0.033797 0.035516
0 0.873180 0.126625 0.035797 0.038531
0 0.869273 0.313844 0.032109 0.032531
0 0.874508 0.179484 0.032797 0.036375
0 0.872922 0.865578 0.030625 0.030875
0 0.711133 0.791312 0.034234 0.035313
0 0.871008 0.952477 0.026922 0.033234
0 0.932664 0.335125 0.030359 0.033031
0 0.706898 0.687867 0.032172 0.033734
0 0.933336 0.149055 0.029828 0.030109
0 0.710406 0.739617 0.030281 0.029766
0 0.920695 0.617570 0.031984 0.035047
0 0.712258 0.943211 0.032109 0.032078
0 0.926102 0.427359 0.032328 0.032688
0 0.919844 0.753758 0.028563 0.027953
0 0.870070 0.600211 0.027891 0.030203
0 0.868945 0.739234 0.028516 0.031031
0 0.923398 0.566914 0.030391 0.029328
0 0.865289 0.504531 0.032016 0.033469
0 0.938609 0.285383 0.030750 0.029859
0 0.872078 0.080875 0.031625 0.030469
0 0.873773 0.225438 0.028234 0.028906
0 0.867016 0.691297 0.027937 0.031813
0 0.696492 0.895344 0.028859 0.029812
0 0.875281 0.910187 0.030938 0.029594
0 0.506563 0.808734 0.032188 0.036750
0 0.650117 0.664234 0.034703 0.032031
0 0.924320 0.877445 0.023953 0.026328
0 0.921438 0.471687 0.028219 0.031500
0 0.920188 0.789945 0.026094 0.025578
0 0.917508 0.707711 0.030391 0.032016
0 0.869188 0.552000 0.029219 0.031469
0 0.935063 0.194414 0.032031 0.032891
0 0.871664 0.035078 0.033266 0.032437
0 0.704234 0.639727 0.029000 0.032047
0 0.655055 0.815516 0.028391 0.029219
0 0.867891 0.786758 0.029719 0.030297
0 0.865578 0.824070 0.029781 0.028484
0 0.923141 0.923484 0.024031 0.026938
0 0.920336 0.835664 0.025484 0.027109
0 0.866430 0.359117 0.029422 0.030422
0 0.929617 0.106961 0.026234 0.027109
0 0.706492 0.582289 0.029984 0.033109
0 0.653594 0.872305 0.028000 0.033266
0 0.867055 0.644781 0.026859 0.027469
0 0.428195 0.941203 0.029953 0.029469
0 0.651672 0.615523 0.027187 0.032672
0 0.653172 0.923438 0.026750 0.029344
0 0.504195 0.901469 0.030016 0.036281
0 0.505219 0.956938 0.032969 0.043281
0 0.866477 0.408227 0.027391 0.030859
0 0.430281 0.899625 0.026156 0.029531
0 0.651773 0.770742 0.033672 0.033172
0 0.507039 0.756844 0.029578 0.033375
0 0.937023 0.240813 0.026391 0.025844
0 0.653164 0.975070 0.025141 0.028078
0 0.926023 0.013172 0.031703 0.025750
0 0.504422 0.858008 0.027156 0.029109
0 0.653164 0.719336 0.029078 0.028391
0 0.711906 0.990648 0.034719 0.017797
