0 0.074609 0.198156 0.039031 0.040594
0 0.021320 0.286422 0.034547 0.037031
0 0.077703 0.356516 0.040906 0.043688
0 0.132766 0.907570 0.041156 0.040641
0 0.064398 0.147422 0.035609 0.038031
0 0.083523 0.251922 0.035641 0.034563
0 0.016945 0.180758 0.032891 0.041234
0 0.033367 0.337539 0.034328 0.035016
0 0.085523 0.522859 0.034672 0.032469
0 0.082242 0.467062 0.034672 0.032500
0 0.044422 0.014656 0.038719 0.028875
0 0.021453 0.236727 0.029250 0.032609
0 0.010711 0.133250 0.021422 0.035062
0 0.080687 0.411195 0.038281 0.038172
0 0.134766 0.955664 0.028906 0.030141
0 0.143031 0.990734 0.039219 0.017250
0 0.081172 0.302531 0.026469 0.028844
0 0.090898 0.568461 0.025578 0.026609
0 0.008750 0.089195 0.017500 0.030766
0 0.134930 0.432867 0.037172 0.037828
