0 0.590234 0.324320 0.045000 0.037891
0 0.957703 0.522578 0.047313 0.043531
0 0.529430 0.347227 0.047453 0.043828
0 0.574930 0.622336 0.049141 0.046797
0 0.558570 0.810180 0.043078 0.036859
0 0.548258 0.105914 0.051797 0.047641
0 0.503633 0.834930 0.041516 0.038172
0 0.538508 0.199297 0.045359 0.040406
0 0.517781 0.592305 0.049906 0.042484
0 0.544797 0.949555 0.039938 0.036297
0 0.720484 0.772648 0.039750 0.033109
0 0.533031 0.395242 0.040906 0.036766
0 0.941164 0.660945 0.041891 0.036359
0 0.525391 0.543539 0.045063 0.042297
0 0.552023 0.052289 0.043609 0.042672
0 0.513180 0.734266 0.044953 0.041000
0 0.612227 0.032594 0.039141 0.036312
0 0.534328 0.249828 0.044719 0.038719
0 0.563766 0.761055 0.038500 0.036328
0 0.530328 0.299695 0.040594 0.037422
0 0.580094 0.516289 0.044500 0.043078
0 0.565023 0.708695 0.037641 0.036984
0 0.583641 0.416367 0.050312 0.049703
0 0.761969 0.887883 0.034750 0.032828
0 0.551078 0.857031 0.042906 0.037500
0 0.769492 0.088227 0.036109 0.033328
0 0.755969 0.271461 0.035375 0.032922
0 0.602883 0.185422 0.036422 0.032906
0 0.740633 0.596039 0.036172 0.032297
0 0.819328 0.112508 0.040375 0.036953
0 0.506781 0.783367 0.035719 0.034703
0 0.545992 0.900453 0.049297 0.039875
0 0.491313 0.925922 0.039938 0.034938
0 0.590188 0.370523 0.042031 0.034797
0 0.598258 0.132547 0.039078 0.040687
0 0.982164 0.343680 0.035453 0.037703
0 0.708758 0.819687 0.035828 0.033031
0 0.762031 0.180125 0.038375 0.038156
0 0.948070 0.614242 0.038797 0.032547
0 0.746656 0.413523 0.036406 0.031141
0 0.519336 0.639047 0.040547 0.036313
0 0.706961 0.862742 0.033734 0.031516
0 0.581188 0.465891 0.039187 0.032844
0 0.515727 0.685812 0.038453 0.033688
0 0.771867 0.796469 0.035578 0.031563
0 0.921852 0.837930 0.031984 0.031484
0 0.949930 0.572063 0.034953 0.030438
0 0.783453 0.663773 0.041344 0.034234
0 0.741250 0.549859 0.036844 0.033187
0 0.586398 0.277047 0.041984 0.033875
0 0.606859 0.079156 0.036906 0.041250
0 0.574805 0.566422 0.041234 0.040969
0 0.746000 0.502062 0.032906 0.029750
0 0.748820 0.460922 0.033453 0.030000
0 0.776820 0.749555 0.032234 0.031453
0 0.524891 0.491508 0.039906 0.041047
0 0.792898 0.527094 0.033578 0.031375
0 0.594477 0.225750 0.032547 0.030531
0 0.736578 0.640094 0.035094 0.031125
0 0.703922 0.953539 0.035688 0.034953
0 0.911914 0.924312 0.032172 0.030781
0 0.749602 0.977281 0.031141 0.030406
0 0.801477 0.294883 0.034578 0.031609
0 0.800453 0.340367 0.032375 0.029578
0 0.765820 0.840422 0.030109 0.030094
0 0.962875 0.956320 0.035500 0.037328
0 0.723406 0.728508 0.035344 0.028453
0 0.788328 0.619734 0.033000 0.030687
0 0.985039 0.250945 0.029578 0.036922
0 0.814117 0.159063 0.032203 0.029219
0 0.791313 0.573039 0.036406 0.032922
0 0.764109 0.128906 0.032562 0.028437
0 0.704148 0.903734 0.031984 0.028656
0 0.779641 0.708836 0.028406 0.028453
0 0.762023 0.227047 0.031891 0.028188
0 0.497461 0.879719 0.032484 0.031844
0 0.541906 0.154594 0.037438 0.030313
0 0.489633 0.974023 0.035641 0.034547
0 0.969313 0.908094 0.033500 0.030312
0 0.971617 0.435281 0.030922 0.029938
0 0.729391 0.686672 0.031312 0.033219
0 0.794203 0.438227 0.030375 0.030266
0 0.984672 0.771961 0.029906 0.028109
0 0.927797 0.790148 0.029937 0.028547
0 0.565766 0.666047 0.035937 0.027937
0 0.823961 0.064484 0.028641 0.026469
0 0.526375 0.440461 0.034594 0.033516
0 0.929289 0.749031 0.032141 0.030563
0 0.809531 0.207859 0.026938 0.027625
0 0.770930 0.037719 0.028359 0.029281
0 0.824828 0.014344 0.032156 0.027531
0 0.753516 0.367492 0.026625 0.024578
0 0.982461 0.724789 0.031703 0.033266
0 0.986953 0.680758 0.026094 0.036047
0 0.965625 0.475328 0.030187 0.028812
0 0.804531 0.253945 0.033500 0.029547
0 0.916414 0.881188 0.029203 0.026969
0 0.906141 0.970867 0.032250 0.030109
0 0.752883 0.320203 0.030328 0.028281
0 0.559539 0.012641 0.048828 0.025125
0 0.792734 0.482164 0.026187 0.027547
0 0.976352 0.388937 0.033109 0.030563
0 0.547961 0.988805 0.052328 0.020828
0 0.754570 0.929258 0.028297 0.027016
0 0.934313 0.701000 0.027719 0.026813
0 0.979680 0.810406 0.030172 0.029563
0 0.975906 0.859203 0.032687 0.030750
0 0.956445 0.991742 0.029203 0.016078
0 0.795422 0.389313 0.024906 0.026188
0 0.987195 0.298562 0.025609 0.029625
0 0.987031 0.207945 0.025938 0.032203
