0 0.976187 0.475461 0.046625 0.052953
0 0.835438 0.245039 0.058781 0.059609
0 0.393422 0.101742 0.050500 0.050578
0 0.867719 0.411820 0.049250 0.050578
0 0.955445 0.193008 0.060172 0.054078
0 0.472523 0.224625 0.056828 0.055438
0 0.844383 0.370805 0.045828 0.045141
0 0.751594 0.518609 0.047687 0.054281
0 0.719523 0.070203 0.044672 0.045156
0 0.651875 0.083836 0.046906 0.052422
0 0.964766 0.019844 0.043687 0.038687
0 0.774000 0.255773 0.053250 0.056422
0 0.513070 0.167633 0.052922 0.059703
0 0.623734 0.309070 0.050156 0.048391
0 0.883227 0.323250 0.053078 0.049281
0 0.743352 0.110797 0.045641 0.043750
0 0.655711 0.339359 0.050734 0.052250
0 0.928531 0.398555 0.043875 0.041172
0 0.410133 0.019992 0.054422 0.039984
0 0.445969 0.180977 0.052250 0.052828
0 0.810023 0.579930 0.045422 0.049547
0 0.961070 0.743336 0.051016 0.054609
0 0.687430 0.369555 0.055359 0.056141
0 0.907836 0.361898 0.044422 0.040859
0 0.655016 0.425078 0.046406 0.048969
0 0.766016 0.148094 0.041031 0.039406
0 0.679883 0.111219 0.047141 0.050656
0 0.756805 0.222391 0.046953 0.046375
0 0.860469 0.285367 0.039719 0.037984
0 0.482984 0.129023 0.061062 0.062672
0 0.930547 0.716914 0.049969 0.055516
0 0.349523 0.018516 0.051734 0.037031
0 0.455367 0.094203 0.047891 0.049031
0 0.711992 0.151313 0.043172 0.043781
0 0.663195 0.246109 0.035016 0.033250
0 0.732234 0.189562 0.041406 0.042844
0 0.535562 0.292117 0.047562 0.044203
0 0.960180 0.146070 0.042984 0.034391
0 0.744375 0.436812 0.048625 0.050188
0 0.418578 0.143984 0.045063 0.046656
0 0.824805 0.332531 0.039641 0.040719
0 0.960672 0.063023 0.039312 0.035734
0 0.865336 0.561398 0.053016 0.063234
0 0.687336 0.456281 0.041109 0.041781
0 0.598828 0.364039 0.046969 0.051578
0 0.626055 0.397227 0.047797 0.048422
0 0.900359 0.677930 0.042125 0.041203
0 0.807602 0.502227 0.054359 0.057141
0 0.981414 0.688469 0.036266 0.042531
0 0.595891 0.277180 0.041250 0.038984
0 0.790477 0.178922 0.040266 0.039000
0 0.962633 0.107773 0.035547 0.032703
0 0.712625 0.408055 0.047156 0.045984
0 0.691945 0.036047 0.036234 0.032531
0 0.812711 0.210750 0.035797 0.034625
0 0.378781 0.056172 0.040250 0.037812
0 0.984609 0.772828 0.030312 0.043531
0 0.570352 0.328844 0.040266 0.040375
0 0.953195 0.654078 0.041609 0.050500
0 0.436625 0.051320 0.033375 0.033578
0 0.804523 0.295680 0.032484 0.031641
0 0.892703 0.443992 0.038781 0.042391
0 0.610375 0.013773 0.049156 0.027453
0 0.770977 0.467102 0.054047 0.053578
0 0.835422 0.525555 0.047406 0.045609
0 0.502961 0.255258 0.030266 0.030391
0 0.669578 0.008641 0.039812 0.017281
0 0.782891 0.552875 0.030500 0.043344
0 0.843086 0.617883 0.028891 0.041734
0 0.896062 0.593812 0.048156 0.048156
0 0.922547 0.625109 0.046563 0.056188
0 0.866367 0.649188 0.033703 0.056187
0 0.632016 0.034406 0.052969 0.030500
