0 0.357242 0.071945 0.055547 0.055484
0 0.505547 0.308102 0.051750 0.040703
0 0.301250 0.147102 0.057000 0.049203
0 0.153930 0.497195 0.045109 0.039547
0 0.302641 0.247750 0.047781 0.046594
0 0.094352 0.824719 0.044922 0.039094
0 0.294352 0.599219 0.043672 0.042250
0 0.919281 0.524312 0.044094 0.035906
0 0.094859 0.298109 0.047656 0.044000
0 0.758414 0.624398 0.048672 0.041359
0 0.100875 0.248273 0.045406 0.038203
0 0.766711 0.411727 0.048297 0.040922
0 0.755891 0.758188 0.053750 0.046063
0 0.336555 0.861016 0.042328 0.038125
0 0.914336 0.324352 0.047141 0.042734
0 0.288125 0.796023 0.043531 0.041797
0 0.299625 0.096680 0.046344 0.042516
0 0.344977 0.673609 0.040391 0.038063
0 0.520875 0.097398 0.040344 0.037734
0 0.977344 0.396867 0.042563 0.041922
0 0.300656 0.394086 0.045094 0.046453
0 0.782797 0.049148 0.055438 0.044547
0 0.305094 0.196930 0.038937 0.036422
0 0.544047 0.687773 0.048844 0.041484
0 0.149641 0.761797 0.052313 0.045219
0 0.917930 0.115695 0.059172 0.055047
0 0.097828 0.345273 0.048406 0.038203
0 0.349289 0.574055 0.047547 0.042953
0 0.489422 0.571781 0.038156 0.036719
0 0.555016 0.507828 0.044937 0.041719
0 0.506766 0.262484 0.039219 0.036313
0 0.537273 0.824094 0.040266 0.036500
0 0.912344 0.621852 0.037031 0.037891
0 0.909555 0.373250 0.039984 0.037875
0 0.092000 0.645547 0.054125 0.044875
0 0.341930 0.724086 0.041859 0.039609
0 0.304391 0.034633 0.036781 0.037828
0 0.149078 0.582469 0.040000 0.035906
0 0.148711 0.668844 0.040453 0.039281
0 0.300969 0.503750 0.051000 0.047156
0 0.336664 0.909953 0.036672 0.034937
0 0.158797 0.321234 0.044875 0.042531
0 0.340211 0.773680 0.040234 0.035078
0 0.158156 0.412109 0.041250 0.036906
0 0.752961 0.711508 0.040922 0.036328
0 0.978742 0.349602 0.040828 0.038484
0 0.910281 0.220141 0.038562 0.037438
0 0.699969 0.686352 0.039313 0.035172
0 0.479547 0.711438 0.038656 0.034844
0 0.159656 0.274297 0.049406 0.038000
0 0.965133 0.711531 0.040141 0.038094
0 0.360703 0.221453 0.037781 0.034469
0 0.096750 0.906695 0.037469 0.034047
0 0.495453 0.438867 0.042937 0.041609
0 0.291742 0.646234 0.037141 0.033063
0 0.149891 0.625109 0.049062 0.041125
0 0.914594 0.418492 0.052969 0.042984
0 0.708477 0.198227 0.043172 0.040109
0 0.098211 0.435992 0.043391 0.041859
0 0.546797 0.601266 0.042094 0.041656
0 0.150727 0.851047 0.036953 0.035594
0 0.151758 0.807680 0.037984 0.033016
0 0.913992 0.571016 0.039891 0.039781
0 0.156422 0.935875 0.035438 0.034375
0 0.697508 0.775305 0.045203 0.038734
0 0.564250 0.337195 0.038438 0.034172
0 0.092711 0.735336 0.040016 0.039453
0 0.364367 0.019031 0.052922 0.038062
0 0.569617 0.288344 0.042016 0.039812
0 0.975937 0.096758 0.041156 0.038828
0 0.564789 0.423117 0.046953 0.041203
0 0.279562 0.937969 0.039750 0.041625
0 0.485555 0.660156 0.035922 0.034219
0 0.970586 0.652000 0.040234 0.040500
0 0.708875 0.426078 0.047719 0.042281
0 0.485102 0.800070 0.038266 0.033953
0 0.977289 0.598398 0.039828 0.035547
0 0.766664 0.321000 0.046859 0.043781
0 0.480547 0.844328 0.034531 0.036094
0 0.975703 0.547547 0.040500 0.041437
0 0.299219 0.344344 0.037781 0.033875
0 0.980922 0.297242 0.037094 0.036734
0 0.302969 0.448156 0.035844 0.035531
0 0.482984 0.752500 0.037812 0.034813
0 0.363328 0.172570 0.035281 0.032297
0 0.346719 0.621695 0.031125 0.032828
0 0.915914 0.737656 0.040328 0.037875
0 0.915312 0.467555 0.042406 0.041141
0 0.977984 0.046734 0.040437 0.039844
0 0.101211 0.161695 0.046797 0.043453
0 0.095320 0.560352 0.039172 0.032828
0 0.509016 0.184508 0.045781 0.043609
0 0.711625 0.515961 0.045594 0.044172
0 0.090859 0.517422 0.037437 0.034094
0 0.285273 0.838641 0.036547 0.033250
0 0.764859 0.496258 0.041844 0.034109
0 0.538125 0.777586 0.038406 0.035109
0 0.097953 0.203563 0.032938 0.028375
0 0.762930 0.537281 0.038859 0.034906
0 0.150109 0.715562 0.038000 0.034000
0 0.579695 0.080578 0.036297 0.037281
0 0.336719 0.815391 0.035375 0.031281
0 0.093805 0.950437 0.034328 0.032094
0 0.295656 0.703898 0.041719 0.032766
0 0.724992 0.024078 0.038391 0.035313
0 0.099508 0.388687 0.039703 0.035750
0 0.908055 0.678227 0.036422 0.033328
0 0.095008 0.478508 0.029109 0.026891
0 0.755172 0.667375 0.038219 0.031625
0 0.156727 0.227078 0.039547 0.037594
0 0.960477 0.772281 0.042141 0.040188
0 0.090523 0.779289 0.031047 0.030953
0 0.091547 0.600859 0.037281 0.032844
0 0.158516 0.365289 0.043281 0.037641
0 0.356023 0.524297 0.043766 0.042063
0 0.977375 0.495039 0.036656 0.035422
0 0.103133 0.067227 0.039578 0.036953
0 0.154836 0.891719 0.033484 0.028875
0 0.295367 0.551961 0.036328 0.033578
0 0.977852 0.245367 0.039266 0.036422
0 0.719273 0.068461 0.039078 0.034766
0 0.500039 0.351891 0.035141 0.033156
0 0.561680 0.377375 0.035141 0.029469
0 0.699281 0.733477 0.035937 0.029891
0 0.490180 0.614633 0.040828 0.035609
0 0.714805 0.153117 0.037391 0.029984
0 0.152492 0.537680 0.030953 0.031297
0 0.155828 0.184406 0.031688 0.029156
0 0.760078 0.580141 0.030656 0.025438
0 0.283117 0.888172 0.030422 0.029656
0 0.714703 0.110984 0.037344 0.031469
0 0.546102 0.644883 0.041422 0.031359
0 0.708867 0.564992 0.028984 0.027547
0 0.503797 0.393508 0.027031 0.025016
0 0.910906 0.162234 0.038188 0.033875
0 0.162586 0.043305 0.038328 0.037859
0 0.920508 0.022055 0.031391 0.029766
0 0.556766 0.463102 0.034938 0.031547
0 0.519367 0.140125 0.045547 0.037750
0 0.519430 0.055578 0.031391 0.028375
0 0.535945 0.867344 0.032516 0.029844
0 0.357063 0.271734 0.032125 0.031719
0 0.974578 0.144633 0.032125 0.028766
0 0.765625 0.274695 0.036063 0.032266
0 0.712812 0.248914 0.041188 0.038109
0 0.980195 0.444828 0.035328 0.034656
0 0.707352 0.339289 0.037516 0.032547
0 0.573125 0.206508 0.045406 0.043516
0 0.576555 0.120313 0.032328 0.026875
0 0.156836 0.135539 0.039266 0.035609
0 0.094078 0.108937 0.032438 0.031625
0 0.921937 0.067875 0.038281 0.032375
0 0.156969 0.085016 0.036594 0.030031
0 0.577594 0.162219 0.035312 0.034719
0 0.703063 0.600000 0.039125 0.035875
0 0.771852 0.179344 0.041266 0.038875
0 0.762875 0.454922 0.036062 0.027344
0 0.096445 0.865359 0.037641 0.027031
0 0.358156 0.124203 0.031562 0.028937
0 0.089375 0.690164 0.034375 0.030547
0 0.538250 0.729219 0.031781 0.029312
0 0.506094 0.227031 0.027687 0.022719
0 0.359359 0.415422 0.041625 0.033594
0 0.362969 0.370461 0.033875 0.032359
0 0.697195 0.816203 0.038328 0.029844
0 0.553852 0.554562 0.027203 0.023125
0 0.564523 0.243312 0.036234 0.028000
0 0.303258 0.290008 0.028297 0.021047
0 0.290906 0.747102 0.028344 0.029297
0 0.770469 0.135789 0.034406 0.031859
0 0.971219 0.201680 0.036438 0.029359
0 0.765617 0.227227 0.039078 0.038328
0 0.357062 0.472438 0.041187 0.037750
0 0.779953 0.091672 0.040625 0.027906
0 0.360375 0.313188 0.033375 0.030500
0 0.516281 0.015453 0.034469 0.030406
0 0.911922 0.260703 0.033312 0.029406
0 0.753641 0.369023 0.033594 0.026547
0 0.761289 0.980813 0.047953 0.036937
0 0.702648 0.383984 0.034047 0.029656
0 0.753539 0.798094 0.034609 0.026063
0 0.707781 0.293492 0.029094 0.025016
