0 0.654070 0.022000 0.043016 0.042313
0 0.928500 0.545070 0.060594 0.052859
0 0.207070 0.134391 0.056797 0.049531
0 0.061133 0.059555 0.058297 0.049141
0 0.860016 0.767070 0.057625 0.052172
0 0.446688 0.071883 0.048531 0.043547
0 0.856898 0.518828 0.056703 0.054375
0 0.343039 0.791734 0.046016 0.050594
0 0.268523 0.109227 0.047734 0.040234
0 0.628734 0.507844 0.057156 0.052313
0 0.403281 0.808844 0.041344 0.037000
0 0.650734 0.159180 0.046938 0.041172
0 0.633188 0.459891 0.053688 0.045406
0 0.256680 0.296555 0.045203 0.045734
0 0.052297 0.429477 0.056125 0.057047
0 0.653914 0.112594 0.048141 0.040344
0 0.575461 0.972109 0.065266 0.055781
0 0.602195 0.753930 0.053172 0.055047
0 0.060969 0.108617 0.042750 0.038016
0 0.935023 0.836203 0.058891 0.049844
0 0.353398 0.697102 0.039984 0.043516
0 0.402672 0.895984 0.046875 0.040750
0 0.197477 0.269453 0.056922 0.050438
0 0.856547 0.472727 0.050281 0.042359
0 0.360867 0.516914 0.049141 0.046078
0 0.432477 0.289398 0.063766 0.051922
0 0.926969 0.742945 0.057219 0.055672
0 0.664492 0.838023 0.057984 0.061953
0 0.409813 0.668391 0.043563 0.041312
0 0.184563 0.559734 0.057344 0.046531
0 0.337789 0.923328 0.036891 0.033500
0 0.270875 0.156648 0.044500 0.039328
0 0.423055 0.409000 0.051016 0.045969
0 0.920336 0.497758 0.039891 0.034984
0 0.652773 0.067641 0.046859 0.040031
0 0.404156 0.715492 0.054500 0.047172
0 0.357781 0.603359 0.045750 0.046062
0 0.215406 0.891898 0.054062 0.049047
0 0.193227 0.397469 0.056172 0.049687
0 0.455703 0.024258 0.049313 0.044609
0 0.929328 0.636164 0.053469 0.048984
0 0.691227 0.528406 0.056266 0.047938
0 0.860187 0.661859 0.039625 0.040875
0 0.693883 0.486469 0.042109 0.036312
0 0.247992 0.499414 0.040484 0.033672
0 0.380602 0.176297 0.043891 0.038187
0 0.203883 0.182031 0.043859 0.040281
0 0.056016 0.197430 0.039656 0.035578
0 0.209211 0.014680 0.052984 0.029172
0 0.339750 0.969125 0.038625 0.046813
0 0.218641 0.845789 0.046563 0.038141
0 0.368992 0.384789 0.046766 0.036578
0 0.239008 0.536078 0.035672 0.034375
0 0.165547 0.821055 0.041469 0.035797
0 0.668391 0.783258 0.046781 0.044047
0 0.359047 0.649578 0.035906 0.033656
0 0.712320 0.139781 0.052422 0.048406
0 0.858883 0.715844 0.047328 0.042438
0 0.372266 0.345578 0.044656 0.035062
0 0.922875 0.451555 0.057781 0.049234
0 0.395906 0.013625 0.041156 0.026937
0 0.224125 0.975352 0.047969 0.043797
0 0.863500 0.863195 0.046406 0.041859
0 0.621391 0.585797 0.039031 0.034344
0 0.253328 0.377039 0.042375 0.038359
0 0.932023 0.886445 0.046516 0.041984
0 0.392984 0.052609 0.046375 0.040562
0 0.400922 0.763320 0.044344 0.037828
0 0.645883 0.203867 0.044609 0.039172
0 0.237188 0.618344 0.043844 0.036750
0 0.361812 0.470781 0.038250 0.033875
0 0.061805 0.152875 0.045547 0.040406
0 0.936531 0.936422 0.041406 0.043625
0 0.250031 0.336344 0.036063 0.031500
0 0.188664 0.475633 0.043734 0.039547
0 0.922211 0.403195 0.052641 0.045047
0 0.710797 0.270320 0.048562 0.043641
0 0.435070 0.199156 0.055766 0.044813
0 0.644375 0.247586 0.051813 0.041453
0 0.858703 0.611445 0.042188 0.038734
0 0.366977 0.426758 0.050609 0.039922
0 0.399961 0.981734 0.042203 0.035406
0 0.713430 0.186805 0.046266 0.035828
0 0.268586 0.030102 0.044766 0.037359
0 0.338781 0.878125 0.037625 0.039688
0 0.863789 0.912953 0.038922 0.036844
0 0.933094 0.691437 0.056562 0.049875
0 0.415156 0.452945 0.051875 0.044391
0 0.157461 0.983805 0.044922 0.031297
0 0.238523 0.577992 0.032828 0.029797
0 0.051164 0.374758 0.056453 0.047578
0 0.264562 0.069781 0.040219 0.031844
0 0.383977 0.221570 0.036609 0.031922
0 0.204375 0.223977 0.041875 0.037203
0 0.443664 0.120406 0.049266 0.050312
0 0.052336 0.281609 0.044828 0.039688
0 0.160617 0.862992 0.038516 0.035609
0 0.204766 0.089102 0.047437 0.039422
0 0.253211 0.417898 0.045641 0.038953
0 0.414344 0.621594 0.045500 0.039500
0 0.173406 0.742453 0.029781 0.026750
0 0.223547 0.806703 0.038750 0.034094
0 0.710977 0.089406 0.046703 0.042719
0 0.387625 0.132422 0.042156 0.036375
0 0.856031 0.816633 0.042656 0.037547
0 0.376641 0.262742 0.042656 0.035547
0 0.375047 0.307062 0.034312 0.028594
0 0.224633 0.768477 0.035203 0.028859
0 0.049414 0.326719 0.053203 0.047063
0 0.708031 0.012570 0.046438 0.024922
0 0.171016 0.780680 0.037937 0.033797
0 0.063930 0.016648 0.045828 0.032953
0 0.599195 0.801062 0.037172 0.029594
0 0.196117 0.316297 0.046516 0.039562
0 0.177000 0.706523 0.031906 0.030828
0 0.404164 0.850078 0.036172 0.032312
0 0.053094 0.240266 0.042469 0.039531
0 0.014047 0.257477 0.027500 0.038984
0 0.190180 0.435617 0.045516 0.036078
0 0.189141 0.514977 0.043781 0.034078
0 0.160250 0.945617 0.042469 0.033266
0 0.207437 0.049789 0.042969 0.035828
0 0.013938 0.212555 0.027375 0.043547
0 0.162648 0.907680 0.035078 0.032422
0 0.389258 0.092641 0.049359 0.037406
0 0.220578 0.932555 0.030156 0.027203
0 0.016836 0.122977 0.033328 0.047266
0 0.858445 0.567039 0.037984 0.032547
0 0.231461 0.732352 0.032359 0.032797
0 0.708305 0.046227 0.032547 0.028984
0 0.404047 0.939570 0.033625 0.034047
0 0.621133 0.627437 0.050109 0.037406
0 0.428102 0.369055 0.039391 0.034328
0 0.432039 0.333391 0.040734 0.033719
0 0.706813 0.229773 0.045281 0.038578
0 0.603164 0.711344 0.054328 0.041250
0 0.857164 0.428445 0.044109 0.038141
0 0.588141 0.886922 0.052438 0.041437
0 0.237977 0.658578 0.040203 0.032094
0 0.235195 0.694133 0.041891 0.032078
0 0.706148 0.315844 0.050922 0.044594
0 0.686609 0.576578 0.052375 0.041875
0 0.193438 0.351578 0.028344 0.026844
0 0.014227 0.167773 0.027922 0.040766
0 0.182656 0.670164 0.034344 0.028672
0 0.250875 0.456469 0.037937 0.029281
0 0.413961 0.536141 0.043203 0.038500
0 0.414578 0.495867 0.041719 0.033609
0 0.626336 0.551195 0.035828 0.025578
0 0.182055 0.628984 0.043766 0.039000
0 0.362156 0.560891 0.043000 0.026906
0 0.693352 0.438930 0.056703 0.053609
0 0.640953 0.375773 0.053469 0.042391
0 0.180805 0.595602 0.044891 0.032047
0 0.679109 0.658086 0.054156 0.043859
0 0.013328 0.027430 0.026656 0.046828
0 0.697578 0.391258 0.042437 0.034391
0 0.009039 0.394023 0.018078 0.050828
0 0.671617 0.697992 0.056484 0.046328
0 0.008945 0.348523 0.017891 0.043109
0 0.011773 0.077125 0.023547 0.047094
0 0.587250 0.921047 0.049937 0.041625
0 0.606680 0.670633 0.061047 0.043016
0 0.633727 0.409812 0.051328 0.048562
0 0.643437 0.283570 0.056875 0.054109
0 0.640664 0.323797 0.062422 0.056875
0 0.701016 0.350156 0.049937 0.051344
0 0.414523 0.576297 0.051328 0.045781
