0 0.531320 0.226758 0.053953 0.055484
0 0.980992 0.063969 0.035516 0.039125
0 0.983984 0.682305 0.031531 0.058484
0 0.495516 0.015383 0.049500 0.030578
0 0.965117 0.326102 0.044922 0.050609
0 0.396102 0.016750 0.053172 0.033344
0 0.424781 0.043984 0.062281 0.062187
0 0.833703 0.315789 0.051313 0.056984
0 0.746594 0.086711 0.048750 0.050328
0 0.987289 0.015727 0.025266 0.031047
0 0.918844 0.389953 0.048969 0.052687
0 0.481438 0.136273 0.059812 0.056984
0 0.979875 0.476516 0.039187 0.046875
0 0.578344 0.288484 0.040094 0.044188
0 0.673633 0.015805 0.055234 0.031422
0 0.634875 0.370336 0.062750 0.071516
0 0.818656 0.150703 0.063625 0.063500
0 0.890953 0.251555 0.053781 0.057828
0 0.683258 0.127039 0.054234 0.060984
0 0.757250 0.219937 0.058219 0.060313
