0 0.091367 0.072461 0.053672 0.047109
0 0.156117 0.298094 0.046141 0.043250
0 0.161164 0.146680 0.050359 0.043484
0 0.156375 0.246883 0.045719 0.040953
0 0.310047 0.224672 0.059656 0.055531
0 0.156180 0.195805 0.046141 0.044516
0 0.894047 0.023648 0.045187 0.041672
0 0.096266 0.022352 0.048969 0.043203
0 0.163195 0.098672 0.045891 0.042656
0 0.684156 0.212391 0.048750 0.046937
0 0.493125 0.032602 0.041125 0.036516
0 0.086852 0.267016 0.049234 0.047062
0 0.490859 0.947273 0.042344 0.046922
0 0.685359 0.153320 0.054094 0.050547
0 0.717930 0.635867 0.049328 0.054984
0 0.319312 0.286773 0.041656 0.044141
0 0.310383 0.130117 0.044578 0.047016
0 0.741508 0.085000 0.047047 0.049062
0 0.365375 0.101523 0.047687 0.043078
0 0.088570 0.318680 0.049516 0.046328
0 0.341125 0.788336 0.050563 0.065984
0 0.401664 0.970305 0.048828 0.058734
0 0.494648 0.228234 0.038859 0.041875
0 0.356594 0.720852 0.046594 0.050859
0 0.543719 0.204578 0.040031 0.044500
0 0.852523 0.665398 0.048047 0.064609
0 0.388320 0.776500 0.048422 0.059844
0 0.676500 0.898180 0.049469 0.055953
0 0.368687 0.052930 0.044656 0.041703
0 0.276336 0.936141 0.049078 0.059219
0 0.546609 0.104359 0.042031 0.046187
0 0.087289 0.166211 0.051703 0.045078
0 0.896734 0.106719 0.037625 0.034031
0 0.405891 0.709820 0.045000 0.051234
0 0.086180 0.119570 0.047641 0.039484
0 0.163445 0.052328 0.055391 0.046969
0 0.739344 0.135398 0.044531 0.044078
0 0.160906 0.816156 0.047281 0.059469
0 0.953953 0.822195 0.043125 0.050359
0 0.491086 0.172172 0.039016 0.036937
0 0.908367 0.587055 0.043953 0.045828
0 0.918258 0.770797 0.052547 0.052344
0 0.821711 0.852773 0.051828 0.051609
0 0.765250 0.622000 0.049313 0.053781
0 0.956383 0.135742 0.035234 0.034203
0 0.172352 0.758594 0.038609 0.044313
0 0.255328 0.799461 0.047812 0.056391
0 0.686133 0.102891 0.047359 0.044969
0 0.544617 0.016039 0.046078 0.031641
0 0.441758 0.770695 0.049516 0.056672
0 0.535555 0.742789 0.054891 0.067953
0 0.950555 0.051102 0.036891 0.035359
0 0.111930 0.825562 0.053234 0.066437
0 0.537055 0.937211 0.036828 0.040609
0 0.498195 0.689453 0.048234 0.054531
0 0.671898 0.648648 0.046297 0.052922
0 0.776508 0.808117 0.044172 0.047266
0 0.496258 0.076914 0.043078 0.040172
0 0.126891 0.764195 0.045594 0.048828
0 0.541336 0.873203 0.046672 0.050594
0 0.216023 0.748383 0.040828 0.048828
0 0.729398 0.818594 0.043516 0.050094
0 0.310000 0.027625 0.043906 0.045063
0 0.084281 0.213711 0.042000 0.038859
0 0.365156 0.914766 0.054000 0.063937
0 0.580773 0.735164 0.044203 0.054203
0 0.900289 0.655742 0.048609 0.060234
0 0.209727 0.808117 0.039641 0.048609
0 0.948641 0.637797 0.043031 0.046281
0 0.958648 0.574391 0.040047 0.044531
0 0.893719 0.150500 0.034469 0.032062
0 0.081805 0.978289 0.047984 0.042828
0 0.688531 0.017148 0.054469 0.034297
0 0.765398 0.686297 0.039766 0.046719
0 0.367883 0.247445 0.034922 0.033703
0 0.309625 0.080039 0.038375 0.039609
0 0.488711 0.757914 0.038391 0.047078
0 0.494187 0.127125 0.042562 0.039344
0 0.742109 0.036148 0.048438 0.045359
0 0.627445 0.909031 0.039422 0.042531
0 0.452383 0.704656 0.045359 0.057031
0 0.030828 0.981898 0.047219 0.034703
0 0.021156 0.845055 0.042312 0.061891
0 0.740336 0.185078 0.041953 0.042344
0 0.954812 0.091758 0.033406 0.029016
0 0.808367 0.677133 0.041484 0.051891
0 0.630367 0.661453 0.043078 0.051125
0 0.228109 0.945234 0.049156 0.062281
0 0.549555 0.253594 0.038609 0.038344
0 0.822953 0.794320 0.052219 0.054266
0 0.260648 0.739266 0.038078 0.042437
0 0.314203 0.174945 0.037000 0.033016
0 0.771641 0.868445 0.040406 0.048484
0 0.066227 0.835688 0.046984 0.055156
0 0.034195 0.787695 0.036859 0.039422
0 0.369477 0.306438 0.041641 0.050531
0 0.911516 0.835242 0.036375 0.043391
0 0.951961 0.012508 0.040234 0.024984
0 0.858211 0.592766 0.053641 0.060750
0 0.357586 0.980586 0.039578 0.037734
0 0.547023 0.152984 0.037578 0.038125
0 0.164992 0.013203 0.055297 0.026406
0 0.450680 0.895734 0.034203 0.037813
0 0.366141 0.201930 0.038156 0.034578
0 0.545539 0.676445 0.040078 0.044141
0 0.306602 0.727266 0.042484 0.042250
0 0.321367 0.926602 0.041984 0.050484
0 0.722820 0.876859 0.036141 0.035313
0 0.586945 0.671492 0.039922 0.049734
0 0.623258 0.726570 0.035109 0.038734
0 0.681773 0.832070 0.051828 0.057891
0 0.081289 0.776211 0.034578 0.036328
0 0.810297 0.607891 0.051156 0.059750
0 0.588023 0.921078 0.035797 0.036156
0 0.494758 0.886555 0.035922 0.038016
0 0.870531 0.782898 0.036594 0.052641
0 0.265664 0.988453 0.051828 0.021375
0 0.179391 0.949492 0.038281 0.046484
0 0.365992 0.010977 0.033359 0.021953
0 0.985719 0.635781 0.028375 0.055969
0 0.131719 0.964602 0.035344 0.037578
0 0.720719 0.698094 0.045781 0.034687
0 0.670766 0.716828 0.043000 0.044406
0 0.967656 0.757062 0.045781 0.049937
0 0.414477 0.909453 0.042797 0.035844
