0 0.377992 0.064109 0.028297 0.029281
0 0.515914 0.209563 0.028297 0.030563
0 0.856500 0.070945 0.034594 0.029703
0 0.041250 0.536234 0.033906 0.031406
0 0.237578 0.981383 0.032500 0.032016
0 0.255695 0.793984 0.022922 0.023625
0 0.356969 0.344062 0.026469 0.026062
0 0.033203 0.753094 0.029875 0.027469
0 0.369320 0.255508 0.028266 0.029953
0 0.433156 0.971367 0.024875 0.028922
0 0.568742 0.142898 0.026766 0.030891
0 0.507594 0.818750 0.028344 0.029156
0 0.320688 0.045391 0.030469 0.032125
0 0.846570 0.519969 0.028172 0.028156
0 0.911875 0.276977 0.031188 0.028703
0 0.320180 0.817859 0.024672 0.023563
0 0.343797 0.431867 0.026219 0.026547
0 0.505055 0.296539 0.027703 0.028266
0 0.553070 0.371336 0.027422 0.028422
0 0.908062 0.319852 0.032437 0.033328
0 0.293438 0.412086 0.026375 0.028484
0 0.455156 0.796133 0.026094 0.026922
0 0.028727 0.796109 0.032453 0.034406
0 0.579492 0.045547 0.026609 0.029156
0 0.487773 0.953766 0.028672 0.027625
0 0.916688 0.141984 0.027906 0.027281
0 0.078984 0.158500 0.028063 0.027719
0 0.493609 0.435836 0.026937 0.029578
0 0.877141 0.952227 0.033781 0.033172
0 0.378305 0.023750 0.031484 0.028281
0 0.501414 0.868297 0.028516 0.028063
0 0.903945 0.413109 0.031859 0.029844
0 0.315344 0.137164 0.029375 0.032172
0 0.539398 0.591922 0.024953 0.027969
0 0.281594 0.500422 0.026094 0.028594
0 0.013289 0.932633 0.025766 0.033547
0 0.032742 0.627031 0.025422 0.027656
0 0.491602 0.915141 0.025172 0.026313
0 0.437703 0.930672 0.023625 0.024719
0 0.830570 0.741508 0.031984 0.031828
0 0.843336 0.565656 0.030453 0.030812
0 0.908180 0.368172 0.031047 0.027656
0 0.145727 0.008812 0.038141 0.017625
0 0.854648 0.383563 0.057234 0.046844
0 0.460023 0.749695 0.039453 0.036703
0 0.114094 0.356852 0.038656 0.038328
0 0.835313 0.656453 0.044531 0.038187
0 0.329891 0.673508 0.034969 0.035078
0 0.240664 0.886539 0.036141 0.035391
0 0.469297 0.655687 0.038094 0.035781
0 0.094383 0.692477 0.037016 0.037391
0 0.058250 0.336414 0.036063 0.033703
0 0.126039 0.225039 0.035828 0.035328
0 0.107656 0.438414 0.034125 0.033641
0 0.073883 0.872258 0.032859 0.031734
0 0.237086 0.935047 0.035234 0.032125
0 0.501867 0.343820 0.035922 0.037328
0 0.141398 0.044922 0.033734 0.033187
0 0.051289 0.455922 0.035484 0.035406
0 0.895578 0.544539 0.035219 0.035359
0 0.038352 0.585461 0.033609 0.033859
0 0.074914 0.112047 0.042016 0.036875
0 0.370664 0.158055 0.032859 0.032891
0 0.301422 0.959680 0.032937 0.032859
0 0.482344 0.612078 0.034219 0.034312
0 0.822656 0.975391 0.035531 0.036469
0 0.506891 0.252945 0.036312 0.035234
0 0.894313 0.592953 0.035250 0.034500
0 0.837609 0.610836 0.035937 0.032141
0 0.825641 0.787258 0.036250 0.036172
0 0.852820 0.160219 0.038109 0.034344
0 0.888813 0.723375 0.034750 0.032688
0 0.855648 0.204867 0.039016 0.035391
0 0.127844 0.185664 0.034344 0.031641
0 0.823867 0.836289 0.033047 0.031359
0 0.489984 0.527258 0.038062 0.035422
0 0.853398 0.114656 0.040734 0.035156
0 0.850344 0.476297 0.035094 0.034187
0 0.442047 0.887820 0.031031 0.034266
0 0.118156 0.311086 0.033563 0.032141
0 0.064898 0.286828 0.032891 0.034625
0 0.093070 0.737305 0.033453 0.033609
0 0.085836 0.777688 0.030797 0.028281
0 0.078047 0.064766 0.037250 0.035187
0 0.123117 0.268422 0.030984 0.029625
0 0.319906 0.231609 0.031188 0.033438
0 0.909391 0.184070 0.033531 0.031609
0 0.101703 0.523664 0.034531 0.034078
0 0.910875 0.231594 0.033062 0.034250
0 0.551164 0.416875 0.033047 0.032094
0 0.862891 0.024922 0.032625 0.032969
0 0.031406 0.712711 0.033844 0.032234
0 0.558602 0.323125 0.028891 0.030906
0 0.825352 0.879812 0.036734 0.036031
0 0.093242 0.648195 0.031797 0.029734
0 0.068922 0.201352 0.031875 0.032141
0 0.246633 0.839250 0.029078 0.028656
0 0.326086 0.727109 0.030734 0.028656
0 0.499367 0.391133 0.034141 0.029641
0 0.832828 0.697977 0.031750 0.030266
0 0.486539 0.566938 0.033172 0.026906
0 0.062984 0.958406 0.032500 0.030438
0 0.064750 0.916406 0.031625 0.030063
0 0.068305 0.244242 0.024297 0.025672
0 0.851055 0.299055 0.034891 0.032953
0 0.137992 0.089898 0.032766 0.029922
0 0.463883 0.704016 0.031516 0.030219
0 0.336758 0.477031 0.029922 0.028531
0 0.304055 0.913203 0.030703 0.031031
0 0.079930 0.825266 0.033266 0.033594
0 0.513547 0.733742 0.030844 0.030578
0 0.104367 0.482016 0.027828 0.027656
0 0.526430 0.071477 0.029922 0.031016
0 0.373312 0.111359 0.029687 0.029625
0 0.534391 0.637797 0.028250 0.030375
0 0.495453 0.478680 0.032906 0.031328
0 0.094156 0.607898 0.031625 0.027734
0 0.902906 0.458039 0.031125 0.029766
0 0.099633 0.567945 0.030609 0.029172
0 0.894836 0.635219 0.033297 0.030375
0 0.019047 0.888133 0.030812 0.032328
0 0.281945 0.547266 0.029109 0.030031
0 0.549438 0.460711 0.028344 0.028328
0 0.333680 0.571070 0.029641 0.029766
0 0.113430 0.400680 0.030516 0.028078
0 0.546805 0.504445 0.028609 0.028828
0 0.853555 0.252641 0.034703 0.033344
0 0.267523 0.647437 0.030828 0.030000
0 0.449750 0.839359 0.030625 0.028469
0 0.922055 0.012258 0.037422 0.024328
0 0.278250 0.591313 0.029062 0.029781
0 0.880852 0.811195 0.033703 0.032047
0 0.890648 0.679484 0.031797 0.031000
0 0.371711 0.204711 0.029234 0.030891
0 0.309992 0.866938 0.027641 0.027750
0 0.318367 0.771961 0.025234 0.029672
0 0.823367 0.927680 0.031359 0.029328
0 0.260508 0.742445 0.031703 0.030297
0 0.286250 0.455586 0.031250 0.032953
0 0.519008 0.164656 0.028609 0.030656
0 0.559875 0.237023 0.027781 0.031141
0 0.351977 0.386242 0.031141 0.030484
0 0.522547 0.686305 0.027313 0.029016
0 0.520687 0.113922 0.028187 0.029375
0 0.315180 0.182203 0.028297 0.030812
0 0.565984 0.188883 0.029687 0.031484
0 0.854609 0.433930 0.033531 0.029859
0 0.130008 0.138781 0.031922 0.032406
0 0.363750 0.301305 0.030188 0.027984
0 0.542313 0.550602 0.026219 0.028953
0 0.054031 0.412703 0.030500 0.027687
0 0.332609 0.522445 0.025656 0.027203
0 0.317453 0.090805 0.026937 0.028578
0 0.917438 0.051859 0.029031 0.029562
0 0.570641 0.095148 0.026312 0.027328
0 0.552445 0.280289 0.031641 0.028672
0 0.913602 0.094516 0.031609 0.028500
0 0.896898 0.499563 0.031203 0.030375
0 0.265070 0.697898 0.029328 0.032734
0 0.314633 0.277055 0.027172 0.029734
0 0.514172 0.780672 0.021750 0.023563
0 0.030727 0.670234 0.030453 0.028344
0 0.885484 0.767023 0.030875 0.026016
0 0.085633 0.021125 0.031703 0.030063
0 0.327016 0.619531 0.021937 0.025469
0 0.309977 0.315937 0.025859 0.027937
0 0.057672 0.991508 0.042219 0.015891
0 0.882078 0.855453 0.029625 0.030219
0 0.529555 0.021266 0.032891 0.029531
0 0.301086 0.365031 0.029047 0.028250
0 0.057500 0.379562 0.029250 0.025000
0 0.852406 0.339656 0.031719 0.027813
0 0.007687 0.976391 0.015375 0.031750
0 0.044992 0.496328 0.022641 0.021281
0 0.879617 0.905531 0.030172 0.027500
