0 0.107125 0.935750 0.027156 0.030500
0 0.302641 0.120344 0.026844 0.028812
0 0.271578 0.485891 0.043750 0.039719
0 0.154234 0.796594 0.041781 0.040156
0 0.246258 0.197234 0.038391 0.034094
0 0.100937 0.300539 0.040438 0.039953
0 0.237422 0.058188 0.044156 0.040750
0 0.321383 0.405250 0.038891 0.039438
0 0.280828 0.581852 0.034281 0.034109
0 0.243797 0.112484 0.045312 0.036937
0 0.035898 0.237461 0.034328 0.035703
0 0.049336 0.337812 0.033484 0.032406
0 0.265516 0.435211 0.033875 0.034422
0 0.089258 0.732375 0.033922 0.034781
0 0.056367 0.389039 0.033859 0.032703
0 0.089891 0.203641 0.030500 0.031469
0 0.093234 0.249062 0.033125 0.033937
0 0.110219 0.351641 0.032094 0.030406
0 0.022836 0.036555 0.034859 0.035391
0 0.070164 0.539695 0.032953 0.032078
0 0.074070 0.590789 0.033141 0.030359
0 0.254188 0.290789 0.031344 0.031797
0 0.116352 0.409117 0.028703 0.030703
0 0.308219 0.258102 0.035125 0.036172
0 0.156664 0.903141 0.034453 0.034719
0 0.081250 0.054594 0.035156 0.033281
0 0.302922 0.207766 0.028781 0.029125
0 0.244273 0.155070 0.035609 0.030734
0 0.144945 0.698844 0.034266 0.033094
0 0.338164 0.600406 0.033328 0.030781
0 0.353031 0.785633 0.034094 0.030734
0 0.125406 0.456297 0.032062 0.031688
0 0.248711 0.241820 0.033734 0.031703
0 0.302750 0.815687 0.033250 0.032969
0 0.138383 0.602672 0.029922 0.028094
0 0.274422 0.533977 0.031750 0.031609
0 0.089945 0.152805 0.030547 0.029703
0 0.094719 0.777375 0.031156 0.029625
0 0.314414 0.912352 0.030578 0.030766
0 0.083750 0.109320 0.031344 0.029984
0 0.284445 0.676594 0.035609 0.031656
0 0.346344 0.738141 0.034813 0.034594
0 0.143250 0.649203 0.030625 0.031937
0 0.358820 0.879133 0.030641 0.032797
0 0.371445 0.975109 0.029391 0.030969
0 0.331000 0.549594 0.031562 0.032062
0 0.352242 0.827773 0.035016 0.034422
0 0.128594 0.500961 0.028094 0.028672
0 0.279305 0.626766 0.030922 0.031281
0 0.026336 0.140086 0.031516 0.033516
0 0.037250 0.189070 0.030156 0.029359
0 0.312703 0.304930 0.030625 0.030734
0 0.059680 0.442680 0.032266 0.027016
0 0.319336 0.961500 0.029516 0.031469
0 0.023383 0.092133 0.030203 0.030328
0 0.164141 0.960844 0.026875 0.029719
0 0.078336 0.640062 0.030984 0.029437
0 0.103711 0.884023 0.029609 0.032359
0 0.292344 0.720125 0.031312 0.031125
0 0.338852 0.645805 0.030953 0.029359
0 0.044172 0.286344 0.024938 0.027219
0 0.309656 0.865227 0.028000 0.027547
0 0.081555 0.680883 0.028422 0.026234
0 0.327742 0.453398 0.035578 0.033953
0 0.365164 0.928039 0.031891 0.033516
0 0.298203 0.765039 0.031594 0.031922
0 0.302555 0.166930 0.030297 0.029797
0 0.065852 0.484227 0.027766 0.029891
0 0.131188 0.550859 0.028656 0.029750
0 0.316789 0.356203 0.028859 0.029812
0 0.258711 0.341461 0.028141 0.026984
0 0.268297 0.387219 0.026250 0.028719
0 0.154852 0.743516 0.026922 0.025937
0 0.235055 0.014117 0.034141 0.027547
0 0.331031 0.503922 0.032750 0.029094
0 0.109187 0.987000 0.042063 0.024437
0 0.100867 0.829977 0.031516 0.029453
0 0.348602 0.687227 0.038328 0.034422
0 0.157453 0.850500 0.025781 0.027656
