0 0.436180 0.329852 0.032641 0.029016
0 0.251047 0.745133 0.037250 0.037078
0 0.268156 0.902836 0.039500 0.042516
0 0.374742 0.074789 0.035547 0.034547
0 0.199703 0.831258 0.039781 0.040547
0 0.198578 0.772102 0.036156 0.035297
0 0.245328 0.637609 0.034000 0.031312
0 0.376219 0.119734 0.033563 0.035250
0 0.219078 0.369914 0.034531 0.034203
0 0.066180 0.919922 0.032609 0.035375
0 0.248125 0.689531 0.035563 0.032219
0 0.403273 0.645625 0.029359 0.031656
0 0.204961 0.881977 0.033891 0.034422
0 0.389094 0.356945 0.032000 0.034922
0 0.420258 0.839766 0.032016 0.030531
0 0.423398 0.091445 0.036234 0.040109
0 0.384430 0.265664 0.034828 0.032828
0 0.166281 0.459492 0.030344 0.033641
0 0.226398 0.479414 0.034547 0.034828
0 0.439047 0.425133 0.034938 0.034797
0 0.274359 0.953461 0.033125 0.033266
0 0.464766 0.757008 0.029844 0.033047
0 0.436352 0.283352 0.033109 0.032328
0 0.240195 0.582555 0.031391 0.035328
0 0.431328 0.239312 0.034125 0.033312
0 0.447453 0.515828 0.037562 0.036000
0 0.402867 0.601117 0.031141 0.031422
0 0.148414 0.083773 0.032734 0.033766
0 0.426531 0.939484 0.030906 0.031344
0 0.164117 0.347430 0.033641 0.036328
0 0.381227 0.224047 0.029172 0.028781
0 0.208086 0.150586 0.030359 0.028984
0 0.424555 0.887352 0.031016 0.030859
0 0.216617 0.260211 0.032109 0.033016
0 0.377211 0.172594 0.032734 0.033281
0 0.150328 0.134187 0.032031 0.030563
0 0.227328 0.422227 0.030844 0.029859
0 0.458906 0.663750 0.031500 0.032656
0 0.039914 0.562961 0.035109 0.033828
0 0.452781 0.569797 0.029938 0.030750
0 0.483141 0.954039 0.031594 0.031016
0 0.471203 0.805930 0.029594 0.035016
0 0.158148 0.239414 0.032328 0.032203
0 0.384859 0.311375 0.031750 0.030906
0 0.205078 0.053805 0.030344 0.030734
0 0.453437 0.613312 0.037156 0.036219
0 0.040609 0.661219 0.030687 0.034187
0 0.411594 0.690781 0.030187 0.028156
0 0.183586 0.666625 0.033172 0.031438
0 0.392758 0.408102 0.028359 0.030422
0 0.019211 0.386867 0.032391 0.034391
0 0.263594 0.848922 0.032094 0.028938
0 0.147586 0.036758 0.032359 0.033141
0 0.178242 0.562844 0.027766 0.031281
0 0.214422 0.101539 0.031031 0.028953
0 0.435547 0.375266 0.027875 0.028375
0 0.416687 0.737844 0.029094 0.031937
0 0.466062 0.706086 0.028375 0.028078
0 0.472188 0.857961 0.030000 0.033141
0 0.155359 0.184875 0.029969 0.030781
0 0.042156 0.711086 0.031844 0.034516
0 0.032250 0.502680 0.031781 0.033797
0 0.428859 0.188000 0.027563 0.028594
0 0.401047 0.552312 0.030937 0.028844
0 0.371023 0.025187 0.029484 0.030562
0 0.258437 0.796867 0.031250 0.031266
0 0.424766 0.139836 0.031719 0.032422
0 0.016938 0.278773 0.032969 0.041453
0 0.181914 0.616727 0.032453 0.028922
0 0.208352 0.211109 0.028109 0.028625
0 0.217781 0.314148 0.027813 0.029922
0 0.418609 0.789219 0.029844 0.030844
0 0.475852 0.909828 0.025922 0.027813
0 0.419945 0.047281 0.028109 0.028687
0 0.443625 0.470453 0.027281 0.028406
0 0.231016 0.530055 0.030094 0.027797
0 0.395195 0.452086 0.027484 0.029391
0 0.013148 0.177563 0.025641 0.033688
0 0.045102 0.765148 0.028109 0.031984
0 0.040539 0.614969 0.030703 0.031281
0 0.222781 0.935203 0.031188 0.033000
0 0.172516 0.508531 0.026687 0.027312
0 0.395930 0.504430 0.026703 0.027578
0 0.161430 0.295906 0.030203 0.028812
0 0.428867 0.986320 0.032109 0.027016
0 0.224195 0.985664 0.033391 0.028266
0 0.166875 0.404070 0.025344 0.027422
0 0.016195 0.228828 0.028016 0.028625
0 0.072281 0.971609 0.026719 0.028313
0 0.207695 0.011984 0.041859 0.023719
0 0.047719 0.818227 0.026719 0.029016
0 0.027102 0.447367 0.025141 0.028359
0 0.187531 0.727109 0.027656 0.027625
0 0.025461 0.954867 0.032484 0.035047
0 0.009242 0.854016 0.018484 0.028313
0 0.011094 0.065336 0.022187 0.030234
0 0.010594 0.117711 0.021188 0.035609
0 0.056719 0.875875 0.024375 0.025344
