0 0.935187 0.683594 0.039594 0.043250
0 0.324406 0.884500 0.041469 0.046906
0 0.462398 0.896797 0.043578 0.045969
0 0.764563 0.686391 0.039250 0.043469
0 0.031180 0.364203 0.041266 0.053750
0 0.911648 0.297328 0.034703 0.042719
0 0.775328 0.137023 0.035406 0.045953
0 0.663422 0.947992 0.041688 0.048297
0 0.500258 0.086758 0.040016 0.046141
0 0.231156 0.559008 0.040313 0.048859
0 0.732797 0.140281 0.042906 0.054594
0 0.182531 0.878859 0.042906 0.049969
0 0.807703 0.685711 0.032656 0.041734
0 0.738477 0.740250 0.041672 0.047156
0 0.510508 0.896125 0.037391 0.041406
0 0.274258 0.882047 0.039484 0.046281
0 0.640805 0.888188 0.041016 0.055875
0 0.708109 0.946391 0.036875 0.048406
0 0.091008 0.674117 0.048203 0.052859
0 0.347000 0.146656 0.036469 0.038813
0 0.812219 0.349086 0.040937 0.046422
0 0.747703 0.948531 0.036250 0.044125
0 0.454883 0.686570 0.038734 0.045297
0 0.493578 0.686031 0.039719 0.048062
0 0.116055 0.369492 0.044484 0.058891
0 0.444633 0.948094 0.039203 0.049125
0 0.911477 0.736656 0.035984 0.039438
0 0.384133 0.745844 0.044891 0.049375
0 0.280711 0.688398 0.042172 0.051797
0 0.185281 0.143883 0.044438 0.045047
0 0.160789 0.738211 0.049422 0.055609
0 0.909797 0.560766 0.038781 0.047656
0 0.912195 0.085391 0.033422 0.035969
0 0.886203 0.502047 0.042437 0.048719
0 0.589672 0.308539 0.039062 0.046859
0 0.058305 0.305563 0.041922 0.049875
0 0.180117 0.308937 0.039797 0.045281
0 0.930328 0.136352 0.038781 0.048422
0 0.667305 0.560414 0.040078 0.046516
0 0.836828 0.945820 0.035437 0.042266
0 0.869938 0.559539 0.036781 0.044641
0 0.674492 0.687648 0.035516 0.040016
0 0.619516 0.947789 0.038000 0.047016
0 0.952688 0.296227 0.037906 0.045641
0 0.813477 0.894953 0.034078 0.037500
0 0.305875 0.939922 0.044344 0.053500
0 0.060578 0.149734 0.045937 0.050687
0 0.823594 0.735563 0.037750 0.041188
0 0.971922 0.356906 0.039312 0.047437
0 0.784195 0.739172 0.032109 0.039438
0 0.107187 0.558383 0.036906 0.049641
0 0.685273 0.894039 0.039766 0.044766
0 0.595336 0.085094 0.039609 0.042406
0 0.409352 0.688000 0.039578 0.041406
0 0.888383 0.138297 0.032297 0.039781
0 0.545547 0.087406 0.035344 0.039844
0 0.092094 0.507836 0.036625 0.041047
0 0.116242 0.927609 0.039172 0.047031
0 0.759492 0.084094 0.037266 0.039937
0 0.487234 0.948211 0.036625 0.047047
0 0.627539 0.684570 0.036484 0.044609
0 0.609750 0.739969 0.043000 0.050469
0 0.952883 0.552094 0.037859 0.041719
0 0.657305 0.739352 0.038922 0.043766
0 0.827375 0.561594 0.034031 0.044406
0 0.789023 0.560930 0.033859 0.042391
0 0.021102 0.737828 0.041922 0.053719
0 0.349680 0.946961 0.038828 0.047703
0 0.978813 0.142359 0.039594 0.043625
0 0.900328 0.894547 0.040031 0.042000
0 0.030000 0.558852 0.037719 0.046734
0 0.745773 0.560078 0.040047 0.044719
0 0.302570 0.559523 0.033984 0.045234
0 0.136773 0.880094 0.037859 0.042031
0 0.805328 0.508039 0.035281 0.039328
0 0.398492 0.946391 0.038672 0.048000
0 0.518234 0.566180 0.041375 0.050734
0 0.159203 0.928930 0.036875 0.042953
0 0.334375 0.090977 0.043125 0.047297
0 0.326094 0.362555 0.033031 0.036109
0 0.444758 0.363805 0.035078 0.036141
0 0.564258 0.140195 0.040484 0.043891
0 0.202133 0.934695 0.035547 0.043484
0 0.925836 0.939813 0.034734 0.036406
0 0.287836 0.363102 0.035203 0.041609
0 0.208891 0.509805 0.034187 0.043109
0 0.648773 0.139055 0.039609 0.049234
0 0.353781 0.507609 0.036281 0.043063
0 0.853930 0.894883 0.033141 0.038109
0 0.090297 0.879250 0.039937 0.040125
0 0.047156 0.677180 0.033469 0.038203
0 0.298984 0.741805 0.032719 0.034953
0 0.951328 0.087094 0.033031 0.036562
0 0.338359 0.744680 0.038250 0.042422
0 0.255852 0.737344 0.037141 0.041031
0 0.663773 0.306742 0.033172 0.041141
0 0.210969 0.738727 0.036062 0.039828
0 0.217641 0.309750 0.030187 0.037844
0 0.527242 0.947898 0.036016 0.040922
0 0.699039 0.740305 0.032141 0.040078
0 0.879508 0.943516 0.031484 0.039219
0 0.962711 0.740109 0.035734 0.039062
0 0.457656 0.089320 0.036875 0.038828
0 0.687227 0.505234 0.035391 0.042875
0 0.707930 0.556930 0.036422 0.047859
0 0.463297 0.309328 0.033094 0.039313
0 0.578547 0.948648 0.037906 0.048047
0 0.323969 0.694383 0.034312 0.038828
0 0.365313 0.688719 0.033781 0.037687
0 0.430531 0.147211 0.036625 0.045953
0 0.599141 0.895719 0.033531 0.038188
0 0.742180 0.303016 0.043359 0.055750
0 0.042836 0.882469 0.041328 0.046562
0 0.567023 0.741000 0.053141 0.061313
0 0.801422 0.085680 0.033250 0.035922
0 0.771227 0.351539 0.030078 0.034203
0 0.626250 0.561516 0.034719 0.041000
0 0.589773 0.562672 0.030078 0.042531
0 0.243703 0.361914 0.040188 0.051703
0 0.724594 0.357812 0.037531 0.042188
0 0.042188 0.096875 0.039625 0.043187
0 0.076625 0.367781 0.038156 0.049781
0 0.851445 0.141375 0.034641 0.040063
0 0.970609 0.502242 0.031156 0.035891
0 0.889555 0.353141 0.035328 0.050156
0 0.227070 0.880391 0.032672 0.033906
0 0.568492 0.357062 0.036922 0.047031
0 0.472609 0.146555 0.034312 0.035047
0 0.190078 0.560797 0.031906 0.042750
0 0.854516 0.350820 0.035281 0.043766
0 0.202711 0.363289 0.034672 0.045516
0 0.444273 0.561234 0.030859 0.041719
0 0.131398 0.509164 0.034953 0.039859
0 0.432625 0.744805 0.044875 0.046391
0 0.815344 0.138625 0.032406 0.041156
0 0.626219 0.309727 0.032313 0.041516
0 0.979984 0.681070 0.038875 0.040828
0 0.413945 0.092969 0.034016 0.038875
0 0.070242 0.555461 0.033516 0.043859
0 0.714117 0.084234 0.035141 0.044938
0 0.529578 0.359609 0.032406 0.040156
0 0.558023 0.562586 0.028797 0.038078
0 0.767117 0.891344 0.032578 0.036625
0 0.291734 0.089656 0.031438 0.035375
0 0.233812 0.689531 0.036187 0.039344
0 0.376352 0.095937 0.032766 0.036312
0 0.475695 0.738328 0.031641 0.035531
0 0.419125 0.891203 0.031406 0.036750
0 0.682133 0.352977 0.032922 0.038422
0 0.646461 0.501398 0.027422 0.034484
0 0.844867 0.504742 0.028328 0.032578
0 0.931508 0.505148 0.035422 0.041078
0 0.644125 0.353414 0.038906 0.044734
0 0.268828 0.560523 0.033562 0.046609
0 0.252859 0.096398 0.033531 0.038609
0 0.927414 0.352469 0.034016 0.042719
0 0.426742 0.310875 0.031297 0.037656
0 0.263039 0.311930 0.039766 0.038359
0 0.368883 0.366555 0.033484 0.036172
0 0.074625 0.926078 0.033594 0.040219
0 0.611586 0.142648 0.033953 0.041203
0 0.540656 0.687008 0.032906 0.039516
0 0.975453 0.934461 0.032844 0.031828
0 0.227953 0.149016 0.030406 0.037437
0 0.873336 0.298555 0.028828 0.032766
0 0.943320 0.892875 0.034078 0.035937
0 0.728063 0.895281 0.030437 0.033687
0 0.085266 0.094961 0.036594 0.039547
0 0.461469 0.513039 0.034531 0.037172
0 0.286031 0.504625 0.029500 0.031187
0 0.406508 0.362445 0.028734 0.030734
0 0.127414 0.089719 0.032203 0.036156
0 0.134398 0.675563 0.033141 0.029563
0 0.182766 0.687656 0.036719 0.026875
0 0.115148 0.734672 0.037609 0.042094
0 0.400422 0.557336 0.036719 0.034922
0 0.498039 0.512555 0.038516 0.029547
0 0.549094 0.507180 0.034938 0.038516
0 0.392359 0.311031 0.040312 0.040313
0 0.303234 0.311031 0.034031 0.036719
0 0.144258 0.303867 0.031359 0.034922
0 0.096789 0.300289 0.034922 0.027766
0 0.215461 0.093383 0.041203 0.040297
0 0.263828 0.145328 0.026875 0.036719
0 0.304164 0.143094 0.039484 0.039406
0 0.516406 0.146227 0.039406 0.036734
0 0.830781 0.294461 0.028656 0.034047
0 0.786891 0.299383 0.039406 0.027766
0 0.699570 0.305656 0.034922 0.040313
0 0.506555 0.309242 0.032234 0.027766
0 0.547305 0.305648 0.031359 0.027766
0 0.349812 0.310578 0.044781 0.034031
0 0.513758 0.731148 0.037172 0.033578
0 0.862680 0.737141 0.034766 0.038375
0 0.988594 0.884023 0.022813 0.029984
0 0.793734 0.939773 0.035969 0.033578
0 0.057523 0.506328 0.031172 0.041969
0 0.019172 0.505125 0.038344 0.032375
0 0.098891 0.144219 0.034781 0.041969
0 0.147617 0.141547 0.035266 0.032375
0 0.029828 0.921789 0.052750 0.037172
0 0.342180 0.557281 0.027578 0.032375
0 0.763031 0.502367 0.032781 0.042141
0 0.724891 0.503703 0.035469 0.039469
0 0.608141 0.508727 0.029437 0.040141
0 0.392109 0.509258 0.035469 0.038141
0 0.424891 0.511602 0.027438 0.033453
0 0.317961 0.505844 0.030047 0.032125
0 0.373180 0.560148 0.024984 0.033984
0 0.370812 0.886258 0.040031 0.045734
0 0.068375 0.738477 0.049156 0.058359
0 0.846195 0.684773 0.041234 0.044422
0 0.891992 0.684367 0.042484 0.046797
0 0.252367 0.933891 0.047766 0.053156
0 0.147805 0.560438 0.040984 0.045750
0 0.247812 0.509055 0.037688 0.040391
0 0.171406 0.509492 0.037469 0.043797
0 0.484648 0.361703 0.040797 0.046656
0 0.718852 0.684609 0.043609 0.044937
0 0.553914 0.897586 0.039453 0.044391
0 0.161945 0.370141 0.047078 0.056281
0 0.869148 0.087266 0.040297 0.046125
0 0.584242 0.682844 0.043078 0.048656
