0 0.042984 0.197656 0.041406 0.040406
0 0.093109 0.271922 0.054531 0.046312
0 0.027180 0.807352 0.052234 0.051266
0 0.056172 0.556859 0.044281 0.039094
0 0.112586 0.102016 0.050297 0.047219
0 0.020734 0.383844 0.036281 0.038531
0 0.020281 0.430500 0.040469 0.045812
0 0.061195 0.509656 0.035953 0.035562
0 0.056703 0.063242 0.061156 0.049203
0 0.079461 0.366281 0.042453 0.042625
0 0.062195 0.461781 0.033641 0.032875
0 0.096227 0.224281 0.037672 0.034125
0 0.044023 0.637297 0.039891 0.033531
0 0.099578 0.181188 0.034625 0.032469
0 0.054266 0.109672 0.038437 0.032656
0 0.063859 0.021203 0.044312 0.037844
0 0.049430 0.151523 0.032266 0.031609
0 0.044922 0.678813 0.045125 0.042313
0 0.049891 0.598391 0.039938 0.034781
0 0.028195 0.763937 0.040359 0.034719
0 0.031672 0.287906 0.041969 0.039125
0 0.071867 0.413484 0.037984 0.036125
0 0.033930 0.723359 0.034953 0.032937
0 0.034344 0.241344 0.034031 0.030437
0 0.120938 0.052703 0.033531 0.033531
0 0.014344 0.976156 0.028000 0.039844
0 0.107852 0.140633 0.037891 0.027547
0 0.087461 0.321063 0.032578 0.029844
0 0.023875 0.853930 0.036375 0.033078
0 0.015438 0.479805 0.030656 0.047297
0 0.027914 0.337750 0.030297 0.031594
0 0.015867 0.527406 0.031359 0.046969
0 0.012781 0.573750 0.025562 0.052719
