0 0.859430 0.126297 0.036797 0.045500
0 0.274555 0.045531 0.021578 0.038375
0 0.342891 0.050328 0.028781 0.033563
0 0.298531 0.130664 0.023969 0.031172
0 0.350086 0.091102 0.040766 0.033578
0 0.359078 0.148055 0.029969 0.029984
0 0.300328 0.176227 0.034781 0.028766
0 0.357883 0.193617 0.027578 0.034766
0 0.311125 0.217602 0.051562 0.037172
0 0.366875 0.233781 0.028781 0.028781
0 0.311125 0.272750 0.049156 0.044375
0 0.368672 0.281148 0.039563 0.044359
0 0.320711 0.320719 0.044359 0.032375
0 0.378266 0.330305 0.025188 0.037172
0 0.317117 0.355484 0.049172 0.029969
0 0.383664 0.372867 0.038359 0.033578
0 0.329711 0.403445 0.023984 0.029984
0 0.387859 0.418437 0.022781 0.028781
0 0.333305 0.447813 0.031172 0.032375
0 0.399844 0.472992 0.032375 0.039578
0 0.341695 0.501773 0.028766 0.037172
0 0.401648 0.516164 0.033578 0.027578
0 0.341328 0.551805 0.034781 0.030109
0 0.406898 0.564859 0.046828 0.044156
0 0.359391 0.594961 0.042813 0.036141
0 0.413914 0.608344 0.038141 0.042813
0 0.367758 0.639453 0.044828 0.032781
0 0.415258 0.649828 0.031453 0.029437
0 0.363742 0.676250 0.035453 0.019406
0 0.422945 0.692641 0.033453 0.034781
0 0.369766 0.722078 0.047500 0.036125
0 0.428977 0.728109 0.041484 0.029438
0 0.366750 0.760555 0.036125 0.030109
0 0.432320 0.781961 0.034797 0.030109
0 0.366750 0.799359 0.030781 0.034125
0 0.368422 0.843844 0.032781 0.030781
0 0.371102 0.883992 0.042141 0.033453
0 0.377453 0.928484 0.044156 0.034125
0 0.437672 0.908742 0.028094 0.034797
0 0.442352 0.949891 0.032109 0.030094
0 0.382477 0.972969 0.038141 0.030781
0 0.580805 0.980633 0.025078 0.030453
0 0.642602 0.964953 0.034047 0.036719
0 0.583047 0.936734 0.031344 0.032250
0 0.634547 0.908531 0.034031 0.036719
0 0.575430 0.892852 0.023297 0.030453
0 0.566469 0.857469 0.034031 0.034938
0 0.567820 0.814930 0.033141 0.032234
0 0.562883 0.769695 0.035828 0.027766
0 0.621109 0.825672 0.037625 0.026875
0 0.622453 0.744172 0.020594 0.028656
0 0.557969 0.716406 0.042094 0.032250
0 0.549883 0.663547 0.027734 0.037594
0 0.614391 0.683719 0.047469 0.036719
0 0.543758 0.620164 0.041984 0.041984
0 0.610477 0.632914 0.041484 0.043484
0 0.545508 0.578187 0.040484 0.030000
0 0.609977 0.590180 0.046484 0.030984
0 0.536508 0.534961 0.032484 0.025484
0 0.598727 0.548195 0.041984 0.029984
0 0.536758 0.490227 0.022984 0.028984
0 0.595477 0.506477 0.034484 0.028484
0 0.529508 0.448250 0.050484 0.039969
0 0.591727 0.465742 0.027984 0.030984
0 0.525758 0.404773 0.038984 0.028984
0 0.587234 0.414766 0.030000 0.032000
0 0.515523 0.361289 0.036484 0.032984
0 0.578492 0.375789 0.030484 0.029984
0 0.511773 0.313320 0.028984 0.028984
0 0.577742 0.333305 0.035984 0.041984
0 0.509023 0.261836 0.022484 0.024984
0 0.568742 0.278328 0.047984 0.046969
0 0.503273 0.209867 0.036984 0.040984
0 0.559492 0.227602 0.037484 0.025484
0 0.559367 0.183164 0.038797 0.030766
0 0.552016 0.127969 0.037469 0.038125
0 0.486109 0.065414 0.028781 0.032109
0 0.547656 0.071438 0.047500 0.042812
0 0.481758 0.018914 0.032109 0.036797
0 0.544648 0.033633 0.049516 0.036797
0 0.749711 0.057719 0.050172 0.054187
0 0.790523 0.064414 0.027422 0.044828
0 0.836016 0.060062 0.042156 0.064219
0 0.883852 0.060727 0.038797 0.046828
0 0.926672 0.065078 0.026750 0.052844
0 0.972172 0.062062 0.036125 0.044156
0 0.727305 0.125297 0.048172 0.046156
0 0.772125 0.127641 0.036125 0.044156
0 0.811266 0.126969 0.024750 0.037469
0 0.907273 0.122617 0.026766 0.038141
0 0.950758 0.118273 0.046828 0.046828
0 0.988758 0.124961 0.022484 0.049516
0 0.721609 0.257430 0.050188 0.054859
0 0.772461 0.254422 0.038141 0.038125
0 0.821633 0.251406 0.033453 0.038813
0 0.870805 0.247063 0.030109 0.038125
0 0.913633 0.246055 0.036797 0.038797
0 0.961461 0.245727 0.041484 0.043484
0 0.804570 0.305266 0.023422 0.030094
0 0.856422 0.307937 0.044156 0.034125
0 0.896906 0.306609 0.032781 0.034125
0 0.948078 0.305266 0.029438 0.039469
0 0.982422 0.310273 0.035156 0.044141
0 0.725961 0.462828 0.064234 0.046844
0 0.781828 0.463164 0.040812 0.031453
0 0.827320 0.457141 0.027422 0.028781
0 0.878773 0.457609 0.054859 0.048844
0 0.926945 0.454930 0.033453 0.036797
0 0.976781 0.455266 0.034125 0.040156
0 0.761688 0.516484 0.050844 0.040813
0 0.814539 0.517484 0.040141 0.028094
0 0.857359 0.513805 0.034781 0.031453
0 0.953375 0.519164 0.032781 0.036797
0 0.989227 0.513805 0.021547 0.038141
0 0.747641 0.649289 0.042812 0.046828
0 0.786109 0.655977 0.026094 0.042828
0 0.817883 0.660664 0.032109 0.040141
0 0.866727 0.653641 0.038797 0.039469
0 0.905195 0.651961 0.027422 0.033453
0 0.944008 0.650961 0.044828 0.064891
0 0.984305 0.653617 0.030047 0.047672
0 0.729883 0.729266 0.035234 0.058031
0 0.769781 0.726164 0.032125 0.041453
0 0.805023 0.718391 0.030047 0.044562
0 0.841289 0.720977 0.021766 0.051828
0 0.883781 0.717867 0.034187 0.055953
0 0.927305 0.716313 0.036266 0.042500
0 0.960469 0.717352 0.023844 0.042484
0 0.786375 0.851547 0.032125 0.037312
0 0.826266 0.850516 0.029031 0.031094
0 0.864094 0.848437 0.038344 0.039375
0 0.905023 0.845852 0.026953 0.034203
0 0.944922 0.845336 0.034188 0.037297
0 0.985156 0.846891 0.029687 0.038344
0 0.845961 0.906992 0.041453 0.042484
0 0.887930 0.909070 0.030047 0.030047
0 0.922125 0.908555 0.023844 0.029016
0 0.959437 0.908031 0.025906 0.042500
