0 0.889859 0.375211 0.059375 0.065016
0 0.976656 0.161031 0.045750 0.057563
0 0.759859 0.665398 0.062813 0.069078
0 0.666336 0.198836 0.045797 0.048109
0 0.283273 0.791000 0.067766 0.071813
0 0.781109 0.598750 0.050406 0.046594
0 0.258133 0.861844 0.059359 0.060906
0 0.673070 0.807578 0.049141 0.054031
0 0.690203 0.146500 0.057562 0.059875
0 0.193008 0.349688 0.044609 0.046062
0 0.152695 0.669195 0.052484 0.059422
0 0.808328 0.693273 0.056313 0.064297
0 0.124445 0.023922 0.054891 0.047844
0 0.800820 0.936422 0.046203 0.048969
0 0.500336 0.293852 0.061422 0.061891
0 0.872805 0.446484 0.050391 0.055937
0 0.427852 0.240516 0.052391 0.060094
0 0.258875 0.402383 0.060625 0.068734
0 0.894414 0.918648 0.047766 0.054484
0 0.854820 0.718984 0.049234 0.065781
0 0.307641 0.145203 0.044531 0.051188
0 0.258711 0.033187 0.040297 0.045469
0 0.978031 0.507773 0.043281 0.059359
0 0.206758 0.285953 0.049203 0.046844
0 0.098602 0.269766 0.048234 0.053125
0 0.851281 0.893734 0.050344 0.053531
0 0.945883 0.696937 0.042172 0.043281
0 0.155719 0.752000 0.047000 0.046344
0 0.294867 0.432578 0.045453 0.050687
0 0.034953 0.622797 0.039625 0.040187
0 0.767781 0.849008 0.038875 0.041922
0 0.966547 0.777273 0.041563 0.047172
0 0.473609 0.023570 0.047312 0.047141
0 0.841406 0.961789 0.042875 0.050547
0 0.379719 0.195609 0.063656 0.063500
0 0.517742 0.235586 0.040453 0.043859
0 0.537969 0.321406 0.043406 0.044281
0 0.120125 0.635281 0.042719 0.045125
0 0.587648 0.061133 0.033641 0.036641
0 0.206570 0.063422 0.046516 0.048375
0 0.570492 0.112719 0.043734 0.044563
0 0.061055 0.576227 0.048797 0.046047
0 0.029336 0.206078 0.041578 0.049125
0 0.478844 0.206437 0.045312 0.045562
0 0.273156 0.117742 0.045656 0.054953
0 0.089391 0.607047 0.041094 0.044031
0 0.946195 0.485836 0.042734 0.050172
0 0.930984 0.947117 0.043531 0.048453
0 0.114383 0.204844 0.041141 0.044594
0 0.092414 0.691430 0.047953 0.048109
0 0.969766 0.230484 0.035656 0.041281
0 0.461641 0.264594 0.054688 0.063625
0 0.578961 0.351867 0.042734 0.041141
0 0.539461 0.081930 0.046672 0.052047
0 0.228437 0.373711 0.038562 0.045578
0 0.352516 0.396891 0.041250 0.046781
0 0.064031 0.236594 0.043875 0.055781
0 0.912023 0.464047 0.048297 0.065687
0 0.223031 0.819891 0.050344 0.047594
0 0.393094 0.500563 0.042719 0.045594
0 0.318781 0.368328 0.043625 0.051781
0 0.050008 0.144883 0.040234 0.043578
0 0.190844 0.784305 0.038437 0.040984
0 0.237727 0.093961 0.041453 0.045047
0 0.060977 0.657789 0.042172 0.040172
0 0.359242 0.485766 0.037859 0.040375
0 0.896117 0.738555 0.034672 0.036016
0 0.357750 0.109359 0.041938 0.049469
0 0.828828 0.626758 0.033125 0.039453
0 0.218148 0.015312 0.038078 0.030156
0 0.444062 0.179664 0.044000 0.043422
0 0.959547 0.421281 0.035281 0.033719
0 0.621867 0.089414 0.041047 0.044016
0 0.981820 0.716688 0.035391 0.042375
0 0.082148 0.170586 0.040578 0.045234
0 0.122148 0.720352 0.042641 0.041578
0 0.557344 0.262688 0.039594 0.050500
0 0.028953 0.540719 0.032781 0.031656
0 0.868086 0.645492 0.038859 0.045422
0 0.165523 0.037156 0.029547 0.031250
0 0.326836 0.454055 0.029797 0.030797
0 0.880641 0.983977 0.022563 0.027203
0 0.296547 0.057867 0.039375 0.043141
0 0.185648 0.700688 0.034672 0.034406
0 0.012367 0.506102 0.024734 0.057422
0 0.597344 0.278680 0.036062 0.054109
0 0.633422 0.318211 0.038844 0.047172
0 0.729141 0.828055 0.041625 0.056891
