0 0.539953 0.272977 0.075625 0.074297
0 0.969695 0.740867 0.060266 0.075859
0 0.463125 0.342148 0.073187 0.078953
0 0.714219 0.457688 0.077281 0.093719
0 0.530461 0.022945 0.068266 0.045891
0 0.723695 0.637023 0.067672 0.074078
0 0.321930 0.027633 0.064797 0.055266
0 0.803187 0.721320 0.065250 0.066453
0 0.888812 0.827297 0.063844 0.067062
0 0.796656 0.559039 0.062969 0.063484
0 0.881477 0.662234 0.066047 0.064781
0 0.606563 0.074586 0.062469 0.063797
0 0.392906 0.110344 0.068844 0.080312
0 0.972555 0.928156 0.054484 0.063344
0 0.857703 0.329227 0.081969 0.092109
0 0.677531 0.158719 0.071188 0.078469
0 0.633367 0.367258 0.056953 0.060516
0 0.766148 0.235375 0.074797 0.085844
0 0.539156 0.447438 0.056719 0.065313
0 0.494602 0.189945 0.077891 0.077078
0 0.638156 0.532898 0.067750 0.073516
0 0.934406 0.445727 0.057969 0.059547
