0 0.809195 0.092398 0.033141 0.044797
0 0.714703 0.147484 0.037625 0.031344
0 0.901445 0.309594 0.034922 0.047469
0 0.560734 0.350797 0.055531 0.038500
0 0.182547 0.059906 0.043375 0.038063
0 0.397992 0.884047 0.039297 0.035781
0 0.398672 0.248086 0.037906 0.036859
0 0.204453 0.917516 0.046906 0.045344
0 0.458852 0.898375 0.039797 0.035125
0 0.448359 0.734602 0.035281 0.033297
0 0.868477 0.738570 0.049109 0.058078
0 0.381344 0.633734 0.036625 0.038781
0 0.647617 0.869664 0.039422 0.046047
0 0.163203 0.545531 0.034187 0.033219
0 0.971789 0.509508 0.038203 0.044141
0 0.764898 0.311016 0.044266 0.053375
0 0.140352 0.233016 0.041859 0.037781
0 0.229805 0.719898 0.036484 0.033609
0 0.947875 0.560539 0.041406 0.045766
0 0.439461 0.608703 0.037984 0.035500
0 0.385602 0.759078 0.044453 0.039875
0 0.228234 0.638148 0.039469 0.035141
0 0.830625 0.364375 0.042687 0.054031
0 0.470406 0.983703 0.041812 0.031719
0 0.420727 0.481250 0.037328 0.038438
0 0.979922 0.309078 0.039188 0.045562
0 0.961641 0.370398 0.046344 0.056016
0 0.119180 0.046273 0.036641 0.032703
0 0.188023 0.109883 0.035203 0.038609
0 0.194805 0.198703 0.040641 0.038688
0 0.206508 0.299516 0.036422 0.035094
0 0.241500 0.842180 0.037563 0.031922
0 0.182758 0.786562 0.032922 0.031562
0 0.736672 0.361156 0.040219 0.041125
0 0.327039 0.047602 0.034109 0.035484
0 0.427688 0.564867 0.041031 0.037828
0 0.139898 0.184539 0.036172 0.034203
0 0.232219 0.677914 0.033969 0.030484
0 0.240195 0.802414 0.040922 0.034328
0 0.780609 0.369930 0.039750 0.045172
0 0.213188 0.388211 0.039313 0.038078
0 0.206680 0.343367 0.039516 0.036078
0 0.172773 0.624805 0.031891 0.028422
0 0.891227 0.674125 0.048672 0.052937
0 0.916055 0.369484 0.044422 0.058750
0 0.386977 0.071914 0.034453 0.033422
0 0.391469 0.802422 0.033156 0.029500
0 0.738992 0.873492 0.037828 0.044703
0 0.718211 0.310219 0.038609 0.045219
0 0.791195 0.559336 0.037234 0.043578
0 0.338687 0.277313 0.033281 0.031375
0 0.858391 0.305758 0.041906 0.050172
0 0.980352 0.877453 0.038109 0.049688
0 0.705703 0.680391 0.044875 0.046250
0 0.453180 0.819570 0.038766 0.031266
0 0.961203 0.741445 0.049750 0.057141
0 0.403156 0.924109 0.030500 0.030406
0 0.334734 0.140148 0.033781 0.030453
0 0.617047 0.671273 0.034656 0.041203
0 0.343266 0.362750 0.035906 0.034375
0 0.228180 0.557352 0.031891 0.027734
0 0.454367 0.859305 0.039391 0.033766
0 0.337320 0.227813 0.034328 0.032406
0 0.233875 0.763039 0.029094 0.027391
0 0.396891 0.202273 0.042688 0.037453
0 0.229328 0.597148 0.033875 0.030828
0 0.395820 0.158984 0.030266 0.030563
0 0.394070 0.838922 0.031672 0.029531
0 0.144625 0.326352 0.045188 0.038359
0 0.860570 0.149773 0.046234 0.050766
0 0.372977 0.592023 0.031828 0.027203
0 0.830258 0.559898 0.037328 0.046828
0 0.821453 0.736508 0.042219 0.049797
0 0.892078 0.507875 0.036750 0.041125
0 0.225852 0.521805 0.033891 0.031984
0 0.916227 0.927430 0.039047 0.046422
0 0.907109 0.558414 0.037000 0.049672
0 0.129531 0.090398 0.039938 0.033172
0 0.698047 0.509242 0.034656 0.041422
0 0.445352 0.692883 0.040484 0.034766
0 0.339328 0.186148 0.032813 0.030453
0 0.182219 0.705508 0.030844 0.025359
0 0.175195 0.663344 0.035766 0.031844
0 0.448375 0.777836 0.038344 0.034547
0 0.604375 0.875008 0.034812 0.035984
0 0.331516 0.097125 0.031406 0.030594
0 0.468297 0.945492 0.033750 0.030828
0 0.267086 0.978469 0.033641 0.030125
0 0.775289 0.924031 0.034672 0.035562
0 0.562031 0.151852 0.033969 0.036984
0 0.981516 0.146891 0.036156 0.050125
0 0.197844 0.872180 0.033000 0.030078
0 0.695016 0.873117 0.033969 0.036203
0 0.164453 0.586211 0.034687 0.031797
0 0.207984 0.961180 0.030094 0.026984
0 0.959055 0.928891 0.036672 0.042250
0 0.936797 0.880016 0.037812 0.041687
0 0.692344 0.357812 0.037906 0.042125
0 0.387586 0.114172 0.039359 0.033563
0 0.179977 0.015023 0.031484 0.029172
0 0.144508 0.280984 0.036359 0.031031
0 0.423453 0.523672 0.035688 0.031531
0 0.441555 0.650984 0.029797 0.029406
0 0.847062 0.677234 0.033781 0.038500
0 0.800891 0.675234 0.039406 0.045469
0 0.890453 0.879164 0.039719 0.039078
0 0.716664 0.558164 0.033234 0.043453
0 0.342055 0.321203 0.027703 0.029156
0 0.369703 0.512711 0.031250 0.030172
0 0.657813 0.508930 0.029937 0.037016
0 0.253266 0.887367 0.028313 0.032922
0 0.178195 0.743461 0.033078 0.027047
0 0.635414 0.720469 0.036047 0.037000
0 0.621938 0.089258 0.033000 0.036422
0 0.194133 0.150758 0.030953 0.028922
0 0.381812 0.677531 0.028719 0.028719
0 0.600539 0.149234 0.031609 0.034281
0 0.734766 0.090500 0.036406 0.037375
0 0.584148 0.085227 0.030453 0.035984
0 0.876648 0.367828 0.038484 0.050063
0 0.842687 0.882828 0.041531 0.047250
0 0.553891 0.303664 0.044531 0.047203
0 0.678000 0.308734 0.036469 0.041594
0 0.931328 0.509141 0.035000 0.039844
0 0.370617 0.553453 0.028078 0.027937
0 0.404328 0.965844 0.029094 0.029156
0 0.135539 0.139187 0.043109 0.040000
0 0.410977 0.332961 0.034797 0.033484
0 0.788258 0.147070 0.032078 0.033703
0 0.659164 0.089539 0.026984 0.033141
0 0.201984 0.249648 0.030594 0.028391
0 0.842211 0.096914 0.039516 0.043578
0 0.870211 0.555641 0.033828 0.044281
0 0.383375 0.714578 0.033656 0.029687
0 0.627539 0.306391 0.037609 0.048656
0 0.405039 0.293000 0.033391 0.030469
0 0.678562 0.553984 0.034406 0.039625
0 0.646352 0.353914 0.036922 0.041672
0 0.147273 0.376938 0.038953 0.041125
0 0.656250 0.675828 0.033094 0.035125
0 0.189445 0.828305 0.034734 0.029859
0 0.823094 0.924969 0.041437 0.046813
0 0.874602 0.926180 0.033797 0.040453
0 0.583320 0.556797 0.047641 0.054375
0 0.693891 0.091781 0.028906 0.032344
0 0.669781 0.148102 0.028156 0.031984
0 0.738852 0.507141 0.034516 0.042687
0 0.775156 0.089984 0.032469 0.038219
0 0.755727 0.553031 0.034859 0.038281
0 0.642930 0.553016 0.029797 0.034750
0 0.776828 0.735719 0.035406 0.037219
0 0.731086 0.727930 0.034234 0.037172
0 0.594187 0.716633 0.031125 0.029828
0 0.885352 0.094969 0.036703 0.039719
0 0.605789 0.349477 0.030422 0.036672
0 0.110281 0.011406 0.048125 0.022594
