0 0.863164 0.175922 0.040453 0.033719
0 0.628500 0.917930 0.052344 0.049484
0 0.656453 0.168906 0.061469 0.051594
0 0.591633 0.732922 0.043203 0.041000
0 0.831445 0.386336 0.050172 0.045609
0 0.947219 0.085742 0.057750 0.051047
0 0.696953 0.333117 0.049250 0.042141
0 0.599617 0.593211 0.049703 0.047328
0 0.655086 0.623109 0.045766 0.041500
0 0.712187 0.196391 0.039875 0.038719
0 0.659047 0.086102 0.055094 0.043766
0 0.736352 0.021516 0.043984 0.041625
0 0.779516 0.932453 0.053812 0.040219
0 0.874961 0.459609 0.035328 0.040000
0 0.713164 0.246766 0.056828 0.048281
0 0.846148 0.294484 0.048359 0.037656
0 0.723625 0.111234 0.042031 0.037844
0 0.591648 0.684172 0.038047 0.036906
0 0.879945 0.096625 0.046234 0.044406
0 0.816016 0.523383 0.044531 0.035516
0 0.637687 0.807578 0.044750 0.040469
0 0.895344 0.365477 0.056375 0.049797
0 0.663672 0.040133 0.062063 0.054203
0 0.623867 0.398219 0.057203 0.063125
0 0.630977 0.862320 0.045422 0.044266
0 0.823406 0.484609 0.045719 0.039125
0 0.640883 0.259852 0.054109 0.042203
0 0.661445 0.574727 0.042859 0.039891
0 0.786477 0.807664 0.041641 0.036547
0 0.960578 0.014313 0.044781 0.028312
0 0.877445 0.509398 0.033953 0.031547
0 0.827203 0.437727 0.044406 0.041703
0 0.608875 0.493594 0.054406 0.041812
0 0.566023 0.978500 0.040734 0.041062
0 0.790180 0.851219 0.052297 0.042625
0 0.798406 0.726180 0.037000 0.035016
0 0.665305 0.525813 0.044453 0.041000
0 0.856336 0.708617 0.035547 0.030953
0 0.804891 0.686867 0.036000 0.033672
0 0.623242 0.965992 0.037984 0.037203
0 0.840344 0.339219 0.042875 0.040125
0 0.852797 0.796594 0.031062 0.032594
0 0.641719 0.759352 0.044062 0.034234
0 0.813930 0.563781 0.051453 0.039062
0 0.643352 0.711828 0.040172 0.037719
0 0.858344 0.751391 0.041563 0.037563
0 0.603719 0.541773 0.055375 0.047203
0 0.900914 0.322906 0.033641 0.031250
0 0.678094 0.484812 0.043938 0.045062
0 0.873250 0.589828 0.028281 0.025625
0 0.596523 0.639039 0.038891 0.032984
0 0.646266 0.214062 0.042594 0.034531
0 0.636062 0.299953 0.039219 0.035969
0 0.865453 0.626664 0.038656 0.035391
0 0.580711 0.821461 0.036359 0.035266
0 0.869727 0.137125 0.042297 0.035469
0 0.835039 0.915508 0.029203 0.029984
0 0.896641 0.017266 0.040563 0.034063
0 0.811727 0.646766 0.034016 0.030094
0 0.901789 0.283563 0.029859 0.029656
0 0.648766 0.667109 0.039250 0.032844
0 0.849312 0.252523 0.040875 0.033109
0 0.810617 0.605391 0.037734 0.035875
0 0.831797 0.957445 0.023875 0.024859
0 0.978375 0.917086 0.041969 0.044547
0 0.685375 0.376242 0.036625 0.032547
0 0.857734 0.214422 0.048938 0.040594
0 0.773914 0.975719 0.035609 0.036625
0 0.874039 0.551984 0.026828 0.027250
0 0.703648 0.288609 0.042297 0.032844
0 0.794539 0.767836 0.034172 0.028703
0 0.675563 0.427273 0.031906 0.030797
0 0.732125 0.068148 0.044469 0.036359
0 0.722727 0.152523 0.032891 0.029234
0 0.880094 0.410813 0.030719 0.030750
0 0.949398 0.045414 0.026109 0.023109
0 0.865203 0.666727 0.024875 0.025922
0 0.627039 0.342828 0.030922 0.030250
0 0.930258 0.124281 0.030578 0.028219
0 0.912125 0.245875 0.032562 0.028469
0 0.571953 0.932039 0.028656 0.028422
0 0.920008 0.204320 0.030328 0.029734
0 0.657344 0.125180 0.041219 0.031328
0 0.886625 0.055047 0.040781 0.033188
0 0.574930 0.879109 0.032953 0.032344
0 0.783539 0.888711 0.047234 0.039672
0 0.981352 0.872461 0.036297 0.040391
0 0.584922 0.774789 0.030906 0.030766
0 0.828617 0.991672 0.040297 0.015625
0 0.984953 0.831961 0.029687 0.036734
0 0.845320 0.838547 0.021359 0.021375
0 0.613898 0.448953 0.023391 0.025000
0 0.969805 0.954453 0.042297 0.034625
