0 0.120305 0.629422 0.053234 0.061500
0 0.409836 0.121266 0.057078 0.063844
0 0.795914 0.905172 0.051078 0.056031
0 0.394945 0.913117 0.059641 0.065297
0 0.968555 0.772555 0.055016 0.065734
0 0.297227 0.533227 0.052828 0.064734
0 0.131539 0.349891 0.045047 0.049531
0 0.192250 0.478453 0.056469 0.068562
0 0.044258 0.107008 0.047234 0.052609
0 0.033906 0.654086 0.053031 0.062609
0 0.269062 0.737617 0.047063 0.047922
0 0.554578 0.202484 0.053531 0.063406
0 0.975375 0.393383 0.048219 0.064109
0 0.053422 0.925758 0.051500 0.049953
0 0.132469 0.730898 0.050625 0.060828
0 0.352180 0.889562 0.047547 0.061781
0 0.841102 0.660547 0.038766 0.043562
0 0.859062 0.950539 0.042406 0.041578
0 0.167844 0.124555 0.048469 0.057422
0 0.533250 0.370711 0.051281 0.053453
0 0.186094 0.211711 0.048469 0.052953
0 0.595891 0.411063 0.040469 0.042438
0 0.751641 0.803516 0.046250 0.051281
0 0.521234 0.704930 0.051125 0.054609
0 0.607031 0.494109 0.050781 0.057969
0 0.151961 0.185797 0.043141 0.049750
0 0.686508 0.287687 0.060547 0.070219
0 0.973141 0.030242 0.052531 0.060484
0 0.317508 0.866648 0.044984 0.055172
0 0.758406 0.327977 0.042656 0.049328
0 0.880031 0.892617 0.046125 0.055297
0 0.699344 0.830328 0.048156 0.055969
0 0.692508 0.484523 0.043141 0.048234
0 0.468141 0.969281 0.057313 0.059531
0 0.147187 0.438125 0.051281 0.052656
0 0.350031 0.249391 0.046437 0.053469
0 0.096430 0.069109 0.040953 0.045812
0 0.850906 0.393242 0.052844 0.063516
0 0.079969 0.129547 0.046812 0.055406
0 0.353437 0.501477 0.044312 0.048891
0 0.806570 0.287563 0.051047 0.058844
0 0.362883 0.584422 0.045859 0.050187
0 0.204711 0.148461 0.037828 0.043391
0 0.908469 0.714125 0.042844 0.043344
0 0.110953 0.411070 0.039875 0.042703
0 0.795594 0.553453 0.038687 0.052094
0 0.285906 0.838320 0.036187 0.038516
0 0.921687 0.434570 0.043000 0.047984
0 0.740617 0.250047 0.046109 0.054125
0 0.605086 0.162180 0.045297 0.049484
0 0.203266 0.783758 0.041625 0.048234
0 0.507797 0.435242 0.049750 0.061172
0 0.557531 0.967523 0.044844 0.054609
0 0.423023 0.627695 0.040703 0.046672
0 0.022633 0.565078 0.045266 0.061375
0 0.907672 0.350625 0.041031 0.041063
0 0.068195 0.390648 0.051016 0.058578
0 0.168742 0.757602 0.046609 0.049266
0 0.498078 0.338008 0.039594 0.040109
0 0.970352 0.679945 0.053234 0.059453
0 0.019430 0.021164 0.037203 0.041672
0 0.063844 0.302969 0.045156 0.049437
0 0.571547 0.478914 0.044563 0.052734
0 0.309758 0.222953 0.041953 0.041875
0 0.295977 0.282805 0.040766 0.047766
0 0.114625 0.159867 0.040094 0.044547
0 0.473102 0.411719 0.054766 0.057188
0 0.731383 0.858133 0.047141 0.052703
0 0.094398 0.702258 0.041734 0.045078
0 0.665570 0.206461 0.040734 0.050297
0 0.450109 0.138156 0.035500 0.040875
0 0.032820 0.980984 0.044047 0.036438
0 0.646609 0.519836 0.037469 0.041016
0 0.787391 0.822203 0.037375 0.044187
0 0.540766 0.637336 0.037906 0.039109
0 0.241891 0.807273 0.039344 0.043453
0 0.527227 0.123805 0.038234 0.045891
0 0.417805 0.843109 0.047422 0.048969
0 0.222016 0.235687 0.043312 0.051281
0 0.495727 0.097578 0.043828 0.050844
0 0.384383 0.523328 0.038797 0.043688
0 0.848750 0.867781 0.042906 0.046531
0 0.240500 0.172102 0.036031 0.039953
0 0.307367 0.761688 0.043109 0.039438
0 0.523055 0.176781 0.033766 0.038062
0 0.867328 0.601219 0.040156 0.043625
0 0.438633 0.384539 0.043016 0.049109
0 0.620398 0.244008 0.055234 0.066578
0 0.563781 0.139000 0.038875 0.043188
0 0.219664 0.408852 0.039766 0.042328
0 0.231859 0.712320 0.042781 0.045109
0 0.676641 0.544766 0.044094 0.053875
0 0.665516 0.453016 0.041594 0.042812
0 0.540719 0.458414 0.032281 0.044234
0 0.131344 0.095609 0.034844 0.041562
0 0.399938 0.363945 0.043406 0.050172
0 0.449109 0.881016 0.048719 0.047781
0 0.830664 0.574664 0.033797 0.038828
0 0.518188 0.935414 0.038187 0.041016
0 0.758727 0.528336 0.038078 0.038172
0 0.703805 0.220305 0.037297 0.042859
0 0.873047 0.327656 0.038750 0.039844
0 0.042906 0.365125 0.043219 0.055437
0 0.741383 0.587711 0.041141 0.045109
0 0.579141 0.740180 0.037656 0.044016
0 0.435609 0.947289 0.042125 0.045516
0 0.253891 0.430477 0.034000 0.039078
0 0.457406 0.080875 0.037125 0.043969
0 0.667742 0.812469 0.041109 0.046906
0 0.573742 0.662117 0.038766 0.042984
0 0.345313 0.796469 0.062188 0.064875
0 0.123656 0.975500 0.043094 0.043438
0 0.481906 0.159586 0.034063 0.033328
0 0.550180 0.731766 0.039766 0.050812
0 0.960992 0.452578 0.033641 0.037750
0 0.890000 0.413586 0.046438 0.062609
0 0.276687 0.199477 0.034813 0.039328
0 0.653750 0.266242 0.040187 0.045828
0 0.457852 0.319445 0.033266 0.036672
0 0.389211 0.266672 0.035641 0.038031
0 0.818898 0.359445 0.042453 0.040672
0 0.423242 0.295289 0.036297 0.043859
0 0.727766 0.502180 0.037156 0.038016
0 0.015023 0.340945 0.029922 0.056891
0 0.766437 0.883016 0.039000 0.050281
0 0.628156 0.433930 0.037875 0.046078
0 0.707609 0.565109 0.040094 0.045781
0 0.817758 0.845930 0.036109 0.042484
0 0.660633 0.729711 0.052953 0.048891
0 0.230102 0.495727 0.027797 0.033047
0 0.391063 0.604320 0.043969 0.054141
0 0.903883 0.622750 0.035078 0.040594
0 0.063781 0.675953 0.035031 0.040906
0 0.358875 0.337258 0.047938 0.061141
0 0.605086 0.684812 0.038891 0.043094
0 0.939547 0.943117 0.030844 0.031297
0 0.063680 0.579875 0.035266 0.039781
0 0.293000 0.460523 0.043156 0.050297
0 0.723969 0.303766 0.031375 0.040250
0 0.008812 0.077016 0.017625 0.033937
0 0.055844 0.042000 0.033844 0.034156
0 0.454594 0.650672 0.036750 0.039656
0 0.490148 0.672031 0.028359 0.029656
0 0.506375 0.986570 0.043406 0.025422
0 0.937688 0.744719 0.042813 0.044844
0 0.489094 0.909313 0.040719 0.039000
0 0.476805 0.594398 0.032297 0.032984
0 0.010148 0.624430 0.020297 0.049359
0 0.419211 0.541266 0.033516 0.039781
0 0.093891 0.950117 0.050156 0.044578
0 0.155187 0.661734 0.041781 0.052937
0 0.190711 0.688898 0.032047 0.045984
0 0.087617 0.607398 0.034828 0.047359
0 0.327937 0.309266 0.036219 0.050156
0 0.257586 0.258422 0.037609 0.029250
0 0.636594 0.784719 0.030187 0.044719
0 0.606656 0.766727 0.043625 0.056328
