0 0.010187 0.330016 0.020375 0.039656
0 0.216445 0.543180 0.044359 0.031172
0 0.259008 0.583344 0.040766 0.041969
0 0.200852 0.598336 0.046766 0.021578
0 0.223039 0.633109 0.047953 0.028781
0 0.267406 0.672078 0.026375 0.029969
0 0.306375 0.706250 0.032375 0.033563
0 0.289586 0.615719 0.029984 0.020375
0 0.320758 0.645102 0.025172 0.023984
0 0.357930 0.680469 0.020391 0.032375
0 0.405289 0.728430 0.033578 0.027578
0 0.344141 0.741023 0.038375 0.014391
0 0.382508 0.788984 0.033578 0.028781
0 0.434672 0.763203 0.032375 0.020375
0 0.473633 0.806969 0.052766 0.035969
0 0.416086 0.817156 0.023984 0.013188
0 0.879516 0.966445 0.022781 0.023984
0 0.447859 0.854930 0.061156 0.038359
0 0.512000 0.831547 0.035969 0.022781
0 0.545578 0.866922 0.035969 0.031187
0 0.488625 0.889703 0.034781 0.031188
0 0.522195 0.921484 0.027578 0.022781
0 0.566563 0.960445 0.032375 0.031172
0 0.582148 0.902297 0.037172 0.029969
0 0.967055 0.782391 0.027547 0.034781
0 0.626516 0.943062 0.061156 0.044375
0 0.666680 0.970641 0.033578 0.020375
0 0.034789 0.623516 0.038359 0.040781
0 0.071359 0.661289 0.034781 0.034766
0 0.112117 0.694852 0.027578 0.027578
0 0.151695 0.726633 0.039578 0.028766
0 0.185867 0.764406 0.031172 0.022781
0 0.224234 0.807570 0.021594 0.027578
0 0.260813 0.845336 0.032375 0.031172
0 0.295578 0.877117 0.029969 0.027578
0 0.331547 0.909492 0.034781 0.037172
0 0.370523 0.944258 0.021578 0.015578
0 0.409484 0.981430 0.039563 0.029984
0 0.014398 0.685859 0.028797 0.035969
0 0.051570 0.718844 0.031172 0.022781
0 0.091141 0.753609 0.028781 0.029969
0 0.121719 0.786586 0.034781 0.031172
0 0.160094 0.817758 0.022781 0.033578
0 0.194859 0.857930 0.029969 0.027578
0 0.234422 0.893305 0.041969 0.033578
0 0.276992 0.932266 0.023984 0.022781
0 0.310562 0.965242 0.035969 0.023984
0 0.390305 0.413086 0.029984 0.025172
0 0.369922 0.466445 0.020375 0.011984
0 0.421484 0.446063 0.022781 0.016781
0 0.410086 0.498219 0.026391 0.034781
0 0.451453 0.475430 0.039562 0.027578
0 0.441266 0.534188 0.019188 0.025188
0 0.488617 0.512602 0.017984 0.029984
0 0.526391 0.543773 0.028781 0.017984
0 0.558164 0.577359 0.017984 0.022781
0 0.591742 0.612125 0.015578 0.025188
0 0.628914 0.640297 0.034766 0.028781
0 0.658891 0.671477 0.025188 0.016797
0 0.574961 0.669078 0.037172 0.021594
0 0.649297 0.736227 0.029969 0.028766
0 0.696656 0.708047 0.026375 0.032375
0 0.735633 0.743414 0.027578 0.023984
0 0.680477 0.771594 0.017984 0.022781
0 0.763805 0.779992 0.031172 0.015578
0 0.776391 0.872914 0.032375 0.040766
0 0.793828 0.807570 0.026406 0.025172
0 0.824953 0.843539 0.026375 0.025172
0 0.860930 0.882508 0.023984 0.023984
0 0.841148 0.934070 0.027578 0.031172
0 0.889703 0.914289 0.021594 0.027578
0 0.929875 0.946656 0.022781 0.022781
0 0.971836 0.854328 0.027578 0.034781
0 0.937664 0.820758 0.031172 0.039578
0 0.710453 0.799172 0.022781 0.020375
0 0.053812 0.452945 0.043031 0.048484
0 0.075242 0.398359 0.036984 0.036156
0 0.088523 0.486469 0.034453 0.036687
0 0.112336 0.434172 0.033203 0.031969
0 0.036094 0.361609 0.033656 0.031625
0 0.157133 0.558727 0.040141 0.039203
0 0.917367 0.774992 0.038641 0.036047
0 0.176102 0.506906 0.033078 0.034219
