0 0.347812 0.912414 0.055687 0.062953
0 0.729336 0.887586 0.054797 0.070797
0 0.534227 0.939961 0.049359 0.064328
0 0.390414 0.970484 0.058109 0.058000
0 0.639813 0.839141 0.050031 0.055375
0 0.447172 0.888781 0.055250 0.063750
0 0.545680 0.858406 0.048078 0.052188
0 0.400414 0.903547 0.050703 0.061750
0 0.778156 0.801594 0.054844 0.066625
0 0.489570 0.952852 0.053047 0.068766
0 0.973305 0.938930 0.052234 0.057141
0 0.684922 0.827039 0.051312 0.061359
0 0.586711 0.924789 0.055984 0.073234
0 0.592102 0.851391 0.045297 0.054469
0 0.730867 0.813180 0.046797 0.056266
0 0.959531 0.737883 0.042125 0.045641
0 0.438688 0.957742 0.049625 0.057922
0 0.679492 0.910086 0.046078 0.058547
0 0.633328 0.906977 0.051750 0.066578
0 0.961195 0.810148 0.048141 0.053734
0 0.826695 0.859344 0.042672 0.050844
0 0.916133 0.753797 0.042828 0.052875
0 0.496336 0.875781 0.050141 0.054906
0 0.876578 0.974383 0.036937 0.043922
0 0.825039 0.791703 0.050328 0.059594
0 0.775867 0.873266 0.047984 0.056219
0 0.918602 0.833305 0.045234 0.054703
0 0.871727 0.845469 0.041141 0.052187
0 0.869781 0.774805 0.040625 0.041547
0 0.833461 0.982109 0.042859 0.034187
0 0.924531 0.955508 0.033750 0.037859
0 0.972375 0.987273 0.043344 0.025078
