0 0.532477 0.241570 0.026797 0.028234
0 0.988445 0.077328 0.022453 0.048781
0 0.729508 0.042492 0.035609 0.039484
0 0.769430 0.039586 0.031547 0.035109
0 0.366844 0.045891 0.042063 0.047906
0 0.368164 0.243961 0.047203 0.054172
0 0.847961 0.030602 0.047391 0.057172
0 0.964445 0.267906 0.047734 0.061344
0 0.597523 0.408531 0.040078 0.044687
0 0.842164 0.399773 0.042172 0.047828
0 0.735016 0.231391 0.041187 0.046750
0 0.486109 0.048266 0.038031 0.043844
0 0.062477 0.127070 0.040516 0.046266
0 0.527484 0.048336 0.038688 0.044953
0 0.258359 0.425008 0.039062 0.047172
0 0.824766 0.461648 0.034375 0.041391
0 0.387094 0.111398 0.037438 0.047953
0 0.279078 0.240836 0.044406 0.058141
0 0.930898 0.022336 0.035953 0.042766
0 0.590617 0.109180 0.040891 0.049609
0 0.323633 0.046047 0.038266 0.042563
0 0.922266 0.274109 0.034812 0.045938
0 0.926547 0.393813 0.041906 0.047219
0 0.632430 0.106695 0.042109 0.055234
0 0.912094 0.451227 0.037156 0.039984
0 0.215344 0.426187 0.042656 0.050938
0 0.409438 0.049328 0.035719 0.046531
0 0.124250 0.248953 0.036000 0.041063
0 0.297977 0.305109 0.040984 0.054531
0 0.701758 0.461992 0.035484 0.040141
0 0.742141 0.462516 0.035219 0.038250
0 0.468297 0.110625 0.037969 0.049000
0 0.606156 0.045727 0.039813 0.045703
0 0.872023 0.089234 0.035266 0.040125
0 0.890102 0.024922 0.038266 0.047625
0 0.345094 0.114016 0.038562 0.046781
0 0.578977 0.464312 0.040422 0.044094
0 0.642016 0.286578 0.037281 0.045500
0 0.971430 0.019836 0.038172 0.039672
0 0.913531 0.084461 0.035469 0.043484
0 0.474781 0.297352 0.038656 0.048984
0 0.341344 0.304367 0.041969 0.054922
0 0.303195 0.420969 0.039797 0.045750
0 0.675391 0.104320 0.041563 0.052766
0 0.649312 0.045680 0.039031 0.045109
0 0.321023 0.238180 0.036984 0.044484
0 0.428703 0.111383 0.039062 0.049328
0 0.553945 0.409016 0.040234 0.045875
0 0.203414 0.241219 0.042828 0.056688
0 0.194047 0.484234 0.037750 0.041438
0 0.719695 0.404234 0.043766 0.046844
0 0.384977 0.301148 0.037422 0.039797
0 0.813438 0.220703 0.037188 0.048187
0 0.413406 0.238625 0.035844 0.039344
0 0.161594 0.249938 0.032063 0.040813
0 0.115180 0.059977 0.038141 0.042359
0 0.797180 0.283617 0.032891 0.037484
0 0.970906 0.391031 0.038781 0.043781
0 0.642195 0.409000 0.041391 0.050125
0 0.884328 0.395047 0.030813 0.041125
0 0.280734 0.481266 0.042219 0.042844
0 0.446875 0.046281 0.030937 0.038094
0 0.101406 0.123891 0.029563 0.040063
0 0.451211 0.471414 0.043703 0.053359
0 0.878656 0.280086 0.039312 0.049359
0 0.515430 0.296695 0.038578 0.049609
0 0.223234 0.304172 0.036781 0.045687
0 0.363008 0.479500 0.034734 0.040500
0 0.130508 0.429859 0.037672 0.042031
0 0.853742 0.218391 0.039484 0.052406
0 0.138984 0.122977 0.035062 0.049359
0 0.095391 0.306047 0.042375 0.045656
0 0.751633 0.100852 0.035484 0.040234
0 0.615500 0.237523 0.039406 0.039609
0 0.492977 0.238227 0.033703 0.038484
0 0.454383 0.239344 0.040703 0.047156
0 0.834039 0.096477 0.032391 0.041547
0 0.402328 0.479812 0.038687 0.048594
0 0.236289 0.477406 0.034391 0.035656
0 0.323984 0.478266 0.031813 0.036094
0 0.261633 0.117633 0.036203 0.038547
0 0.720336 0.286867 0.038328 0.046016
0 0.170828 0.428500 0.033094 0.037031
0 0.181016 0.113984 0.036438 0.041250
0 0.663992 0.462055 0.031609 0.039984
0 0.697977 0.234742 0.029234 0.036547
0 0.892664 0.214023 0.035016 0.041234
0 0.139234 0.307102 0.032406 0.039328
0 0.198375 0.053492 0.041781 0.045328
0 0.108555 0.495844 0.032297 0.034563
0 0.261516 0.303047 0.034063 0.045813
0 0.679633 0.287703 0.031578 0.040719
0 0.243766 0.050922 0.032594 0.036156
0 0.836719 0.280844 0.033938 0.045312
0 0.347164 0.420375 0.029453 0.037969
0 0.282086 0.047938 0.032578 0.036844
0 0.957266 0.451539 0.036250 0.037234
0 0.547852 0.111547 0.036828 0.048563
0 0.534180 0.467195 0.037016 0.042422
0 0.800508 0.404273 0.034359 0.038047
0 0.660273 0.235781 0.033109 0.035875
0 0.076031 0.063406 0.037000 0.048312
0 0.566078 0.048000 0.030375 0.036375
0 0.868367 0.454414 0.034797 0.037953
0 0.714984 0.106930 0.032688 0.042891
0 0.777500 0.227102 0.031906 0.041266
0 0.803898 0.036148 0.034859 0.041234
0 0.152844 0.487727 0.029750 0.034547
0 0.468438 0.414563 0.035375 0.036937
0 0.220828 0.115852 0.033156 0.039828
0 0.179516 0.303109 0.035219 0.039906
0 0.622312 0.460133 0.031781 0.035922
0 0.241008 0.242797 0.036797 0.049281
0 0.511844 0.411352 0.032375 0.036516
0 0.572109 0.239289 0.028938 0.032203
0 0.760188 0.284336 0.030031 0.044078
0 0.509633 0.108484 0.033391 0.042719
0 0.556281 0.290687 0.035531 0.042000
0 0.304891 0.114594 0.031125 0.035875
0 0.785367 0.462812 0.028547 0.031781
0 0.983500 0.203633 0.032281 0.043422
0 0.595609 0.295070 0.038031 0.048703
0 0.436359 0.299070 0.032187 0.046141
0 0.791531 0.099750 0.027813 0.031500
0 0.154773 0.054625 0.029828 0.032469
0 0.679164 0.401133 0.031672 0.038922
0 0.955805 0.077984 0.032703 0.037531
0 0.495070 0.464844 0.026578 0.031281
0 0.691727 0.040648 0.028734 0.032266
0 0.933906 0.209000 0.032563 0.037875
