0 0.934234 0.850664 0.029562 0.046578
0 0.976297 0.851117 0.047406 0.049266
0 0.471625 0.897234 0.055531 0.060906
0 0.519984 0.899031 0.039406 0.060906
0 0.097633 0.322000 0.035234 0.033156
0 0.025094 0.343766 0.045594 0.039375
0 0.096602 0.366563 0.026953 0.033156
0 0.022508 0.388320 0.036266 0.035234
0 0.103336 0.409570 0.054922 0.048703
0 0.027055 0.436516 0.054109 0.050781
0 0.094008 0.448430 0.042484 0.026953
0 0.031320 0.501797 0.047672 0.042500
0 0.092453 0.479000 0.039375 0.040406
0 0.035461 0.538586 0.035234 0.029016
0 0.102297 0.526148 0.057000 0.037297
0 0.032352 0.573305 0.043516 0.036266
0 0.101781 0.558281 0.037312 0.024875
0 0.100750 0.590406 0.039375 0.031094
0 0.029758 0.615789 0.040422 0.036266
0 0.105930 0.624086 0.039391 0.034203
0 0.103336 0.668641 0.046641 0.032125
0 0.105930 0.709063 0.024859 0.023844
0 0.070992 0.034625 0.025984 0.037625
0 0.079953 0.078070 0.036719 0.040297
0 0.081742 0.117023 0.038516 0.030453
0 0.078609 0.156438 0.037625 0.039406
0 0.094727 0.194055 0.041203 0.034047
0 0.090242 0.236156 0.035828 0.026875
0 0.090695 0.279141 0.038516 0.032250
0 0.024867 0.102250 0.035828 0.040313
0 0.019938 0.138969 0.029562 0.036719
0 0.026211 0.179281 0.029547 0.036719
0 0.035164 0.221375 0.067172 0.042094
0 0.032930 0.301531 0.046578 0.037625
0 0.025766 0.258992 0.039406 0.034922
0 0.248781 0.023430 0.048375 0.038516
0 0.197281 0.042242 0.034937 0.038516
0 0.258188 0.059703 0.040312 0.043000
0 0.200414 0.084336 0.041203 0.040297
0 0.260430 0.107180 0.046578 0.042984
0 0.195484 0.126430 0.031344 0.033141
0 0.266250 0.151961 0.040313 0.035828
0 0.212953 0.210172 0.044781 0.039406
0 0.270719 0.190922 0.052844 0.034937
0 0.966922 0.912016 0.041188 0.058219
0 0.846008 0.910672 0.044797 0.077031
0 0.221914 0.265266 0.046578 0.031344
0 0.217883 0.307352 0.027766 0.033141
0 0.218781 0.426930 0.052844 0.041203
0 0.220570 0.461406 0.043891 0.029563
0 0.230867 0.634727 0.032234 0.030453
0 0.230867 0.593070 0.035828 0.034922
0 0.289086 0.567992 0.050172 0.034922
0 0.285508 0.522758 0.035828 0.030453
0 0.283258 0.404984 0.038516 0.024188
0 0.271172 0.360648 0.043000 0.028672
0 0.278336 0.327508 0.042984 0.034047
0 0.280133 0.288102 0.041203 0.037609
0 0.299836 0.611883 0.059109 0.036734
0 0.297594 0.653078 0.038500 0.031344
0 0.244750 0.685320 0.040312 0.033141
0 0.300734 0.697422 0.044781 0.028656
0 0.234898 0.726977 0.040297 0.032234
0 0.298937 0.745789 0.037625 0.041203
0 0.248336 0.781609 0.043891 0.035813
0 0.304312 0.797734 0.050156 0.057313
0 0.248328 0.826836 0.029562 0.033141
0 0.304758 0.842516 0.056422 0.037625
0 0.313625 0.889984 0.076125 0.042094
0 0.250484 0.864008 0.043000 0.034922
0 0.306906 0.981789 0.044781 0.035828
0 0.310945 0.933430 0.038516 0.030453
0 0.250930 0.913727 0.033141 0.019703
0 0.248242 0.950891 0.034922 0.025969
0 0.434094 0.036414 0.028656 0.027766
0 0.483352 0.053883 0.035828 0.051953
0 0.523664 0.057469 0.035828 0.044781
0 0.567102 0.053438 0.034922 0.045688
0 0.619938 0.061492 0.036719 0.043891
0 0.665172 0.070008 0.039406 0.048359
0 0.711297 0.070906 0.031344 0.050156
0 0.752500 0.081203 0.025969 0.052844
0 0.920352 0.920078 0.053734 0.065375
0 0.794594 0.082547 0.036719 0.060906
0 0.840273 0.079859 0.025984 0.055531
0 0.795852 0.915156 0.042984 0.055531
0 0.882375 0.088367 0.047469 0.051047
0 0.925812 0.093289 0.060906 0.046578
0 0.976414 0.095977 0.033141 0.057328
0 0.697867 0.016641 0.040297 0.033281
0 0.740406 0.023430 0.037625 0.041203
0 0.790117 0.029703 0.038516 0.050156
0 0.829086 0.028805 0.035828 0.041203
0 0.871625 0.025672 0.045688 0.038500
0 0.921766 0.028805 0.038531 0.042984
0 0.451555 0.192266 0.060016 0.052844
0 0.505297 0.202109 0.043875 0.052844
0 0.549633 0.200328 0.035828 0.042094
0 0.596656 0.206148 0.036719 0.046578
0 0.632031 0.206594 0.043000 0.043875
0 0.680844 0.210180 0.031344 0.045672
0 0.715781 0.211539 0.042188 0.046609
0 0.758766 0.207039 0.036719 0.046578
0 0.811172 0.213758 0.055531 0.051047
0 0.851469 0.214211 0.034031 0.042984
0 0.892672 0.216445 0.037625 0.049266
0 0.934320 0.214203 0.034922 0.039406
0 0.977313 0.220031 0.034938 0.036719
0 0.464547 0.249141 0.044781 0.039406
0 0.504852 0.247797 0.034047 0.025969
0 0.563063 0.253617 0.050156 0.037609
0 0.604273 0.261227 0.030453 0.027766
0 0.647711 0.257195 0.049266 0.051953
0 0.687117 0.270188 0.029547 0.045687
0 0.782055 0.276008 0.043891 0.053734
0 0.820570 0.272430 0.033141 0.048359
0 0.870734 0.280930 0.042094 0.049266
0 0.909688 0.282273 0.034031 0.051953
0 0.953578 0.282727 0.043000 0.058203
0 0.428180 0.414477 0.056422 0.042984
0 0.708969 0.907094 0.039406 0.055531
0 0.661953 0.902172 0.042094 0.063594
0 0.616273 0.901719 0.043891 0.069875
0 0.474313 0.417164 0.034031 0.048359
0 0.522672 0.418063 0.039406 0.055531
0 0.655234 0.411797 0.050156 0.039406
0 0.694195 0.414922 0.025984 0.042094
0 0.746141 0.421195 0.034937 0.051047
0 0.778391 0.415375 0.031344 0.043000
0 0.831219 0.417164 0.034938 0.046578
0 0.876906 0.418516 0.031344 0.047469
0 0.921695 0.417164 0.040297 0.046578
0 0.963789 0.419852 0.033141 0.037609
0 0.454156 0.469562 0.043875 0.052844
0 0.499391 0.476727 0.039406 0.056422
0 0.540586 0.473594 0.053734 0.055531
0 0.582234 0.475836 0.034938 0.054641
0 0.625227 0.477172 0.036734 0.057313
0 0.751070 0.911570 0.062703 0.066266
0 0.568352 0.907984 0.041203 0.071656
0 0.666430 0.478070 0.049266 0.048359
0 0.720172 0.478969 0.031344 0.060906
0 0.760023 0.475383 0.035828 0.053734
0 0.811523 0.472250 0.038516 0.036719
0 0.857203 0.474938 0.043875 0.063594
0 0.897508 0.474492 0.031359 0.046578
0 0.937367 0.472250 0.041203 0.049250
0 0.975398 0.475781 0.049203 0.061875
0 0.433539 0.628539 0.043859 0.057328
0 0.523125 0.627648 0.036719 0.042984
0 0.471211 0.625406 0.040234 0.054625
0 0.562977 0.634813 0.037609 0.050156
0 0.605969 0.629438 0.043000 0.055531
0 0.655680 0.629883 0.031359 0.051047
0 0.700016 0.640188 0.043000 0.053750
0 0.742563 0.643320 0.036719 0.049266
0 0.795852 0.639734 0.046578 0.052844
0 0.836602 0.637492 0.027766 0.046578
0 0.884969 0.641531 0.042094 0.051063
0 0.466695 0.680047 0.058203 0.031344
0 0.575070 0.682727 0.042109 0.043891
0 0.620750 0.688102 0.047469 0.056422
0 0.676281 0.689891 0.049250 0.058219
0 0.721063 0.697063 0.042094 0.063594
0 0.764945 0.698398 0.038516 0.080609
0 0.811531 0.699297 0.042094 0.057313
0 0.857648 0.693031 0.037609 0.057313
0 0.896164 0.689406 0.042984 0.046500
0 0.939602 0.689898 0.038516 0.056422
0 0.984359 0.689898 0.031281 0.045672
0 0.460875 0.829617 0.057313 0.051047
0 0.509687 0.836336 0.038500 0.064484
0 0.552680 0.837680 0.045672 0.061797
0 0.603289 0.845742 0.041203 0.049266
0 0.643141 0.848430 0.036719 0.051047
0 0.691062 0.848875 0.039406 0.053750
0 0.729117 0.854695 0.027766 0.049266
0 0.765398 0.855148 0.050172 0.048359
0 0.806602 0.847977 0.046578 0.051953
0 0.852281 0.850219 0.043000 0.043875
0 0.896164 0.852016 0.037609 0.047469
