0 0.268805 0.870227 0.050578 0.060172
0 0.203664 0.698992 0.043141 0.050609
0 0.062086 0.742672 0.052516 0.061562
0 0.043484 0.873266 0.045125 0.051813
0 0.169914 0.535867 0.045766 0.056734
0 0.166172 0.648672 0.044750 0.055750
0 0.181633 0.474016 0.046641 0.048844
0 0.258047 0.625070 0.045375 0.056328
0 0.036203 0.514031 0.044531 0.053219
0 0.090227 0.500031 0.042984 0.047406
0 0.111273 0.725117 0.038859 0.045203
0 0.158516 0.719023 0.048562 0.057453
0 0.125914 0.548086 0.045672 0.054297
0 0.119977 0.662195 0.043266 0.049984
0 0.216273 0.642617 0.043516 0.051297
0 0.228984 0.452242 0.045719 0.062266
0 0.172430 0.899492 0.042016 0.053734
0 0.091227 0.862883 0.042891 0.046328
0 0.021516 0.688648 0.043031 0.065797
0 0.215672 0.531008 0.047719 0.061422
0 0.217906 0.882531 0.039563 0.042875
0 0.326383 0.789289 0.042297 0.045547
0 0.270930 0.527922 0.059328 0.074781
0 0.362898 0.839727 0.039703 0.043422
0 0.089297 0.928672 0.044688 0.054094
0 0.134477 0.484344 0.036516 0.037656
0 0.046031 0.945125 0.058031 0.063469
0 0.132156 0.919211 0.038969 0.049797
0 0.248055 0.694602 0.041109 0.052547
0 0.068344 0.668242 0.044781 0.060266
0 0.320180 0.854078 0.038922 0.050719
0 0.028336 0.584852 0.039891 0.047266
0 0.300891 0.612898 0.045125 0.066203
0 0.225508 0.815969 0.038641 0.043469
0 0.017117 0.763352 0.034141 0.049641
0 0.276594 0.803562 0.039250 0.038063
0 0.134922 0.847758 0.035844 0.035703
0 0.177539 0.834664 0.034703 0.037391
0 0.295586 0.679164 0.042453 0.043672
