0 0.023086 0.174430 0.035016 0.035266
0 0.057922 0.381820 0.037531 0.036453
0 0.018680 0.260852 0.036391 0.037016
0 0.198836 0.762109 0.031422 0.032312
0 0.387758 0.432273 0.036328 0.035828
0 0.352500 0.635313 0.034563 0.032656
0 0.411984 0.171648 0.032656 0.033641
0 0.253500 0.262422 0.033500 0.031656
0 0.463195 0.252180 0.034016 0.031672
0 0.391375 0.873883 0.035563 0.032484
0 0.156367 0.683211 0.032766 0.032109
0 0.467344 0.202203 0.032313 0.031000
0 0.347648 0.789570 0.038234 0.034297
0 0.350797 0.689563 0.032500 0.030156
0 0.050242 0.477133 0.032422 0.029391
0 0.040445 0.572102 0.032984 0.033578
0 0.415102 0.072078 0.031234 0.032219
0 0.262305 0.164328 0.031953 0.030656
0 0.076797 0.152711 0.034813 0.031766
0 0.225383 0.487195 0.029891 0.027516
0 0.357602 0.584117 0.032984 0.033203
0 0.363625 0.533414 0.031813 0.031297
0 0.023445 0.663687 0.032828 0.031500
0 0.347633 0.739766 0.029516 0.027750
0 0.236750 0.390156 0.031438 0.028469
0 0.410633 0.715156 0.030047 0.028812
0 0.026375 0.078727 0.034687 0.034453
0 0.210133 0.665227 0.028609 0.028547
0 0.077070 0.200781 0.030828 0.030531
0 0.020766 0.215453 0.032219 0.029594
0 0.399789 0.326922 0.032547 0.029313
0 0.056391 0.427617 0.031687 0.030109
0 0.075102 0.290828 0.030078 0.027937
0 0.412516 0.565516 0.029656 0.027750
0 0.077781 0.245133 0.033625 0.030766
0 0.212883 0.141063 0.031797 0.028437
0 0.184445 0.848836 0.028766 0.029359
0 0.437430 0.410141 0.031516 0.030063
0 0.407398 0.615875 0.033953 0.030781
0 0.208734 0.185945 0.030281 0.029234
0 0.275633 0.027750 0.033453 0.030250
0 0.268859 0.118828 0.024406 0.024687
0 0.042914 0.521195 0.032828 0.031016
0 0.471469 0.048797 0.028281 0.030781
0 0.080859 0.014414 0.033156 0.028359
0 0.017211 0.710945 0.030359 0.031859
0 0.023703 0.127945 0.030313 0.029172
0 0.127789 0.862242 0.029859 0.030766
0 0.082164 0.056477 0.031109 0.031828
0 0.417180 0.514430 0.030266 0.027984
0 0.178273 0.451930 0.028266 0.031047
0 0.031453 0.616047 0.032531 0.028875
0 0.066539 0.335313 0.027734 0.028531
0 0.014578 0.350859 0.028313 0.036781
0 0.372219 0.483383 0.029781 0.029516
0 0.118742 0.963867 0.025234 0.030328
0 0.024250 0.036727 0.031406 0.030141
0 0.014016 0.757664 0.027250 0.036578
0 0.245930 0.303852 0.027328 0.027484
0 0.120602 0.913500 0.028422 0.027094
0 0.259953 0.209828 0.026750 0.028594
0 0.339109 0.891359 0.031375 0.033500
0 0.467352 0.147164 0.026359 0.030328
0 0.168313 0.945719 0.026625 0.027344
0 0.214500 0.091742 0.030156 0.031359
0 0.231055 0.435789 0.029953 0.030609
0 0.403719 0.765594 0.027750 0.028844
0 0.447828 0.305563 0.026938 0.026375
0 0.343055 0.845375 0.030609 0.029844
0 0.192141 0.804844 0.025375 0.024656
0 0.270180 0.078180 0.027891 0.028078
0 0.219523 0.619133 0.026297 0.025828
0 0.193281 0.320992 0.024469 0.027891
0 0.221453 0.574484 0.026094 0.026813
0 0.470125 0.101352 0.027125 0.026922
0 0.132727 0.820422 0.026047 0.026437
0 0.158414 0.633437 0.023953 0.026750
0 0.445398 0.357000 0.031922 0.031875
0 0.235805 0.347766 0.025891 0.025719
0 0.173039 0.503031 0.027766 0.027281
0 0.176773 0.893570 0.028266 0.026016
0 0.170883 0.545086 0.024734 0.026203
0 0.178703 0.406117 0.027219 0.025922
0 0.167313 0.590469 0.024594 0.027781
0 0.150477 0.727125 0.026516 0.025812
0 0.406352 0.270297 0.027328 0.027375
0 0.217531 0.049289 0.028906 0.028391
0 0.429078 0.463625 0.028844 0.030812
0 0.412570 0.120836 0.028672 0.028703
0 0.185914 0.365625 0.024453 0.025500
0 0.409547 0.223852 0.028062 0.027766
0 0.143617 0.776297 0.026578 0.027406
0 0.384672 0.926438 0.035219 0.033000
0 0.406898 0.667359 0.024984 0.026781
0 0.203813 0.232961 0.025500 0.028391
0 0.397766 0.823430 0.030531 0.031734
0 0.206242 0.712484 0.026984 0.027313
0 0.393789 0.375937 0.030453 0.031937
0 0.015367 0.307008 0.027828 0.026734
0 0.079883 0.106383 0.032266 0.029922
0 0.417430 0.022617 0.029891 0.030047
0 0.197773 0.280008 0.025547 0.024516
0 0.218805 0.526453 0.024359 0.025844
0 0.331805 0.941586 0.028484 0.027328
0 0.011508 0.800945 0.023016 0.037828
0 0.008180 0.402898 0.016359 0.037391
0 0.315742 0.989133 0.035609 0.020703
0 0.006148 0.892898 0.012297 0.032609
0 0.163992 0.990523 0.029484 0.018297
