0 0.750977 0.145781 0.042984 0.045687
0 0.717031 0.149812 0.048375 0.037625
0 0.659258 0.156078 0.038516 0.053750
0 0.622953 0.152047 0.035906 0.051063
0 0.583578 0.151156 0.039406 0.054625
0 0.522680 0.148914 0.041203 0.042984
0 0.480578 0.146227 0.039406 0.037609
0 0.444750 0.144437 0.043000 0.048375
0 0.396391 0.143094 0.034031 0.040312
0 0.354242 0.147570 0.026953 0.051047
0 0.311203 0.145336 0.044781 0.051953
0 0.253977 0.136375 0.037609 0.050156
0 0.201578 0.135031 0.042094 0.043875
0 0.158992 0.132789 0.028578 0.046578
0 0.118688 0.129656 0.026969 0.049250
0 0.074797 0.125180 0.034125 0.036734
0 0.019312 0.122492 0.032250 0.040297
0 0.946766 0.097867 0.031344 0.046578
0 0.896617 0.091141 0.033141 0.040313
0 0.852688 0.097859 0.029469 0.044781
0 0.811477 0.089352 0.025891 0.038516
0 0.762711 0.091141 0.034047 0.040313
0 0.728180 0.096070 0.035016 0.039422
0 0.690523 0.097414 0.049266 0.047484
0 0.640406 0.089805 0.031438 0.046578
0 0.596969 0.088461 0.025156 0.040297
0 0.550797 0.099648 0.040313 0.046578
0 0.514609 0.097859 0.032250 0.043000
0 0.459891 0.096070 0.043000 0.046578
0 0.425938 0.089797 0.039406 0.050156
0 0.365844 0.087109 0.028656 0.050156
0 0.320164 0.089805 0.035828 0.051953
0 0.276727 0.082187 0.043891 0.060000
0 0.224328 0.084422 0.032250 0.044781
0 0.182234 0.079055 0.053750 0.051953
0 0.128047 0.074570 0.040312 0.053734
0 0.091773 0.076812 0.046578 0.042094
0 0.035391 0.075914 0.035906 0.049266
0 0.391945 0.885852 0.041453 0.043516
0 0.449188 0.276992 0.039500 0.042984
0 0.433375 0.887406 0.024812 0.036281
0 0.475375 0.874977 0.046625 0.046641
0 0.567086 0.882742 0.029016 0.029016
0 0.602836 0.880156 0.023828 0.025906
0 0.657758 0.879641 0.042484 0.037312
0 0.704398 0.878594 0.059078 0.045594
0 0.785227 0.876531 0.030047 0.037312
0 0.819945 0.876523 0.037297 0.035234
0 0.871242 0.876008 0.044547 0.048703
0 0.908547 0.870828 0.034187 0.044562
0 0.939633 0.865125 0.036266 0.024875
0 0.015766 0.927828 0.031094 0.038344
0 0.057219 0.920055 0.037313 0.041453
0 0.106445 0.928859 0.019703 0.036281
0 0.158781 0.923156 0.031094 0.039375
0 0.199195 0.922641 0.039391 0.044562
0 0.242203 0.927305 0.038344 0.049734
0 0.285211 0.931969 0.029016 0.044562
0 0.324586 0.935078 0.035234 0.030063
0 0.374336 0.931969 0.041453 0.038344
0 0.417336 0.937148 0.036266 0.042484
0 0.460344 0.939227 0.039375 0.046641
0 0.508531 0.937672 0.040406 0.039375
0 0.547398 0.935594 0.022797 0.039375
0 0.594031 0.933008 0.037312 0.046641
0 0.635484 0.931969 0.049750 0.052844
0 0.683156 0.934555 0.037313 0.055984
0 0.725641 0.934039 0.029031 0.042484
0 0.769164 0.927305 0.043516 0.045609
0 0.808547 0.928344 0.026938 0.043531
0 0.851039 0.933523 0.035234 0.049734
0 0.886273 0.932484 0.047672 0.049750
0 0.926680 0.931969 0.053891 0.050781
0 0.968656 0.928344 0.027969 0.039375
0 0.345828 0.880156 0.038344 0.044562
0 0.308523 0.876523 0.034203 0.035234
0 0.259820 0.868242 0.042484 0.035234
0 0.207492 0.854242 0.029016 0.036266
0 0.173805 0.858391 0.034203 0.038344
0 0.124578 0.859945 0.039375 0.049734
0 0.079500 0.864609 0.038344 0.059062
0 0.034430 0.856836 0.041453 0.066328
0 0.959328 0.706578 0.059062 0.058031
0 0.906992 0.712789 0.047672 0.035234
0 0.856219 0.714859 0.031094 0.024875
0 0.805953 0.716938 0.038344 0.045594
0 0.759320 0.717453 0.032141 0.038344
0 0.715281 0.721078 0.037313 0.026938
0 0.677977 0.716414 0.035234 0.023828
0 0.626148 0.716938 0.041453 0.033156
0 0.577977 0.720047 0.036266 0.045594
0 0.537016 0.716938 0.049719 0.043531
0 0.492992 0.723148 0.036266 0.035234
0 0.448430 0.722609 0.040422 0.050844
0 0.399203 0.726781 0.022813 0.042500
0 0.349461 0.727297 0.037297 0.039375
0 0.310602 0.713305 0.030047 0.042484
0 0.262953 0.714859 0.042531 0.049750
0 0.218367 0.709680 0.048703 0.047672
0 0.168109 0.706055 0.045594 0.042484
0 0.126133 0.703984 0.021766 0.038344
0 0.092422 0.704500 0.043594 0.045594
0 0.040641 0.702430 0.051813 0.047672
0 0.931352 0.657352 0.040422 0.042484
0 0.880047 0.662531 0.043531 0.050781
0 0.838609 0.662008 0.026906 0.049734
0 0.783156 0.671336 0.032125 0.037297
0 0.693516 0.668750 0.043531 0.038344
0 0.647922 0.666156 0.037312 0.039375
0 0.601281 0.665117 0.031094 0.035234
0 0.553617 0.660977 0.035234 0.035234
0 0.512680 0.665641 0.040422 0.040406
0 0.476383 0.664602 0.040359 0.036266
0 0.430289 0.662008 0.041453 0.035234
0 0.374328 0.666156 0.039375 0.045594
0 0.337547 0.663047 0.050781 0.053875
0 0.299719 0.660461 0.037312 0.054922
0 0.245828 0.661492 0.033156 0.050766
0 0.187273 0.664602 0.040422 0.052859
0 0.149453 0.656828 0.024875 0.037312
0 0.112148 0.656836 0.037297 0.035234
0 0.060844 0.656828 0.044563 0.049750
0 0.018766 0.650094 0.037531 0.048719
0 0.953109 0.520039 0.025906 0.033172
0 0.906477 0.519000 0.030047 0.039375
0 0.859844 0.519523 0.036281 0.040422
0 0.817352 0.520039 0.030047 0.037297
0 0.768648 0.515375 0.040422 0.040406
0 0.724086 0.527812 0.038328 0.038344
0 0.686781 0.527805 0.034187 0.042484
0 0.644805 0.524695 0.047672 0.042484
0 0.598695 0.523148 0.030047 0.037297
0 0.531336 0.525734 0.021766 0.036281
0 0.503352 0.527289 0.030047 0.039391
0 0.448945 0.523664 0.035234 0.044547
0 0.273805 0.521070 0.029016 0.049734
0 0.237539 0.525219 0.037297 0.043531
0 0.187273 0.520555 0.042484 0.054922
0 0.103336 0.521070 0.040422 0.029016
0 0.047891 0.522109 0.051812 0.047656
0 0.980055 0.464078 0.034203 0.037312
0 0.927203 0.468734 0.027969 0.044562
0 0.876938 0.466148 0.031094 0.031078
0 0.831344 0.464594 0.033156 0.036281
0 0.784195 0.466148 0.036266 0.037297
0 0.748953 0.473406 0.032125 0.043531
0 0.705430 0.475477 0.034203 0.045609
0 0.666055 0.473922 0.036266 0.034187
0 0.616820 0.470289 0.035234 0.047672
0 0.518898 0.471336 0.034203 0.047672
0 0.489875 0.472367 0.019687 0.045609
0 0.439617 0.472367 0.053891 0.053891
0 0.385727 0.470812 0.041453 0.050781
0 0.338063 0.477031 0.033156 0.050781
0 0.297125 0.466664 0.038344 0.046641
0 0.259297 0.470297 0.031094 0.043531
0 0.207484 0.461484 0.026937 0.048719
0 0.170180 0.464594 0.029016 0.042500
0 0.123547 0.463039 0.031094 0.047672
0 0.069656 0.465109 0.033156 0.039375
0 0.024078 0.464562 0.035281 0.042437
0 0.907516 0.330859 0.050781 0.040469
0 0.868133 0.331945 0.048703 0.036266
0 0.819422 0.334539 0.038344 0.049734
0 0.775383 0.332984 0.041453 0.052844
0 0.737039 0.334023 0.033172 0.052859
0 0.689891 0.330906 0.038344 0.038344
0 0.603875 0.338680 0.040406 0.049734
0 0.517859 0.342828 0.036281 0.058031
0 0.476953 0.332078 0.026781 0.042094
0 0.386539 0.327602 0.035828 0.034922
0 0.335930 0.323125 0.034922 0.034937
0 0.169336 0.318641 0.047484 0.034938
0 0.984789 0.276102 0.028578 0.035828
0 0.940500 0.273406 0.045688 0.055531
0 0.886266 0.270719 0.026781 0.039406
0 0.841437 0.280578 0.037625 0.043000
0 0.794055 0.281023 0.030453 0.045672
0 0.707180 0.277438 0.039422 0.031344
0 0.665078 0.284164 0.044781 0.048359
0 0.611789 0.285500 0.038516 0.042094
0 0.575516 0.284164 0.037625 0.030453
0 0.533828 0.279234 0.020688 0.036719
0 0.411078 0.277445 0.040313 0.033141
0 0.321508 0.276102 0.040297 0.046578
0 0.277625 0.270273 0.031344 0.045672
0 0.363656 0.277445 0.026063 0.034922
0 0.229352 0.272062 0.017016 0.036719
0 0.191273 0.273414 0.035828 0.042984
0 0.146047 0.263109 0.031344 0.040312
0 0.012555 0.256836 0.020516 0.038516
0 0.119180 0.316852 0.049266 0.042109
0 0.928320 0.138609 0.030453 0.031344
0 0.877758 0.146680 0.024266 0.043891
0 0.838797 0.148914 0.026781 0.042984
