0 0.297641 0.428711 0.039844 0.033797
0 0.237438 0.459461 0.047656 0.038109
0 0.300242 0.470727 0.045047 0.038109
0 0.246539 0.506242 0.041578 0.034641
0 0.304578 0.514469 0.027719 0.030312
0 0.243938 0.545664 0.038125 0.038984
0 0.301977 0.556484 0.022516 0.024250
0 0.254328 0.592008 0.034656 0.032922
0 0.316703 0.603695 0.027719 0.030328
0 0.253898 0.632719 0.042453 0.039844
0 0.322336 0.640078 0.035516 0.026844
0 0.259531 0.667367 0.022531 0.022516
0 0.320164 0.682094 0.029453 0.020781
0 0.264727 0.707219 0.065828 0.034656
0 0.331000 0.723680 0.030313 0.029453
0 0.270789 0.755727 0.036391 0.039859
0 0.334891 0.763953 0.024250 0.037250
0 0.277719 0.805102 0.050250 0.041578
0 0.340531 0.810305 0.033781 0.034641
0 0.278156 0.838891 0.030313 0.027719
0 0.342695 0.851883 0.029453 0.025984
0 0.351352 0.894758 0.038109 0.038984
0 0.293742 0.932445 0.042453 0.039859
0 0.350055 0.938945 0.038984 0.044172
0 0.301977 0.977922 0.045047 0.033781
0 0.356547 0.983984 0.027719 0.032031
0 0.292883 0.886969 0.032047 0.037250
0 0.384273 0.009266 0.038109 0.018531
0 0.455742 0.024164 0.042453 0.038984
0 0.395531 0.043227 0.039844 0.032047
0 0.454867 0.061852 0.047641 0.032922
0 0.402031 0.088703 0.040719 0.036375
0 0.954844 0.919367 0.036094 0.049109
0 0.462234 0.097797 0.039844 0.033781
0 0.402031 0.122922 0.030313 0.018188
0 0.471766 0.149336 0.034656 0.025984
0 0.404625 0.167961 0.040719 0.026859
0 0.475227 0.187023 0.060641 0.044172
0 0.412422 0.206516 0.044187 0.038125
0 0.473500 0.229469 0.036375 0.026844
0 0.419789 0.248961 0.050234 0.032922
0 0.420656 0.293141 0.031187 0.032906
0 0.478695 0.274953 0.027734 0.034656
0 0.425852 0.379766 0.038109 0.043313
0 0.496883 0.359844 0.032922 0.034656
0 0.491687 0.391898 0.026000 0.022516
0 0.437984 0.427844 0.039844 0.032062
0 0.494727 0.435641 0.035516 0.025125
0 0.434078 0.461633 0.033781 0.019922
0 0.496883 0.479391 0.025984 0.039844
0 0.447937 0.510578 0.040719 0.031187
0 0.508148 0.524867 0.029453 0.016453
0 0.451406 0.549992 0.030313 0.028578
0 0.511617 0.562547 0.032922 0.031187
0 0.452711 0.599805 0.048516 0.032922
0 0.515078 0.608461 0.048500 0.022516
0 0.463531 0.650047 0.037250 0.039844
0 0.521141 0.660438 0.034656 0.038125
0 0.457906 0.688164 0.036375 0.025984
0 0.525047 0.705484 0.049375 0.036375
0 0.470898 0.728875 0.041578 0.031187
0 0.534133 0.747938 0.041578 0.043313
0 0.482164 0.778680 0.020797 0.023391
0 0.535867 0.795578 0.045047 0.036375
0 0.485195 0.823727 0.042453 0.032047
0 0.541500 0.835859 0.040719 0.042437
0 0.484758 0.863578 0.036391 0.026844
0 0.545398 0.877867 0.039859 0.032922
0 0.494281 0.912953 0.031187 0.030312
0 0.549727 0.924648 0.038109 0.032922
0 0.503383 0.965367 0.032047 0.022516
0 0.648914 0.073109 0.030328 0.043312
0 0.843086 0.081945 0.031078 0.034078
0 0.888195 0.082945 0.037078 0.032078
0 0.938805 0.085953 0.034078 0.030062
0 0.982430 0.083945 0.035141 0.052109
0 0.642133 0.125539 0.048109 0.035078
0 0.772930 0.125039 0.023047 0.036078
0 0.831563 0.123039 0.046094 0.036078
0 0.909734 0.129555 0.040094 0.049109
0 0.625594 0.252336 0.029063 0.032078
0 0.670195 0.253336 0.018047 0.026047
0 0.712289 0.261352 0.026047 0.036078
0 0.755891 0.260859 0.023062 0.027063
0 0.809008 0.256344 0.033078 0.036094
0 0.909234 0.931391 0.025062 0.039094
0 0.918258 0.320984 0.045109 0.055125
0 0.644633 0.465328 0.031078 0.041094
0 0.729328 0.462813 0.038094 0.042094
0 0.822547 0.470336 0.040094 0.035078
0 0.878164 0.465820 0.033078 0.038078
0 0.924273 0.462313 0.037078 0.039094
0 0.974891 0.469828 0.028062 0.038094
0 0.659664 0.539492 0.047109 0.045109
0 0.715797 0.530977 0.027062 0.036078
0 0.760398 0.524961 0.042109 0.048109
0 0.809508 0.529969 0.038078 0.052125
0 0.848602 0.526461 0.038078 0.053109
0 0.900219 0.515437 0.043094 0.041094
0 0.943820 0.521453 0.034078 0.039094
0 0.986945 0.521953 0.026109 0.050125
0 0.672195 0.663273 0.048109 0.050109
0 0.718805 0.658766 0.047109 0.049125
0 0.762906 0.655758 0.031062 0.051109
0 0.810016 0.655250 0.051125 0.054125
0 0.857125 0.652750 0.055125 0.045094
0 0.903727 0.659766 0.046109 0.045094
0 0.953344 0.657266 0.039094 0.044094
0 0.702766 0.716398 0.043094 0.032078
0 0.745367 0.713891 0.032078 0.033063
0 0.837570 0.705367 0.036078 0.046109
0 0.886188 0.704867 0.045094 0.031078
0 0.963859 0.711883 0.040094 0.049109
0 0.744359 0.860727 0.050125 0.046109
0 0.790969 0.864234 0.029062 0.039094
0 0.834570 0.867742 0.034078 0.048109
0 0.879164 0.869250 0.035078 0.053125
0 0.928789 0.868742 0.032078 0.046109
0 0.966375 0.874766 0.027062 0.040094
0 0.730828 0.932391 0.029062 0.041094
0 0.773422 0.934898 0.028063 0.050109
0 0.856617 0.933398 0.030078 0.051109
0 0.818531 0.928383 0.030063 0.031078
0 0.185031 0.031961 0.039844 0.042453
0 0.237875 0.013164 0.036375 0.026328
0 0.240039 0.043227 0.028578 0.023391
0 0.193258 0.071375 0.035516 0.027719
0 0.207125 0.123352 0.052844 0.051984
0 0.259531 0.094758 0.038125 0.029453
0 0.207555 0.163641 0.025984 0.021656
0 0.988945 0.930891 0.022109 0.044094
0 0.267758 0.183555 0.026859 0.032047
0 0.211453 0.202180 0.042437 0.024266
0 0.269492 0.222539 0.025109 0.026859
0 0.217078 0.290109 0.043312 0.045906
0 0.280320 0.271047 0.022516 0.021656
0 0.223148 0.331688 0.034641 0.026844
0 0.277289 0.297039 0.033797 0.023391
0 0.287680 0.341219 0.047641 0.023375
0 0.225312 0.373266 0.030313 0.025125
0 0.289422 0.379328 0.037250 0.037250
0 0.233547 0.411820 0.043312 0.034641
