0 0.174383 0.482930 0.043016 0.051328
0 0.040133 0.334016 0.048234 0.056406
0 0.153969 0.545703 0.051156 0.056563
0 0.109078 0.682094 0.041594 0.051063
0 0.067984 0.539852 0.046031 0.050078
0 0.124594 0.337766 0.042781 0.051156
0 0.092500 0.485328 0.042469 0.053188
0 0.021734 0.947930 0.042344 0.047422
0 0.133766 0.079687 0.043906 0.057063
0 0.047578 0.482281 0.038656 0.042156
0 0.109484 0.285539 0.040188 0.043828
0 0.060055 0.131336 0.037672 0.042266
0 0.179406 0.092664 0.040250 0.047672
0 0.144477 0.139336 0.040797 0.044172
0 0.159922 0.893945 0.035094 0.042172
0 0.042227 0.894859 0.038109 0.038594
0 0.192312 0.150445 0.054062 0.060547
0 0.137477 0.484422 0.044422 0.052938
0 0.170164 0.343742 0.041984 0.049297
0 0.065492 0.683430 0.041328 0.051547
0 0.193805 0.283844 0.040234 0.047156
0 0.018891 0.126672 0.037187 0.049188
0 0.083352 0.336383 0.037672 0.049641
0 0.063727 0.945773 0.030203 0.034891
0 0.089125 0.084008 0.034781 0.042984
0 0.151812 0.680492 0.038375 0.052453
0 0.102758 0.136609 0.034859 0.043469
0 0.021469 0.280641 0.040688 0.043937
0 0.137750 0.941977 0.034813 0.039703
0 0.084508 0.734609 0.034734 0.037938
0 0.020406 0.685063 0.038969 0.044344
0 0.175734 0.740812 0.042937 0.051969
0 0.120641 0.891875 0.036625 0.041500
0 0.125078 0.736609 0.032813 0.040250
0 0.110695 0.540656 0.034328 0.040969
0 0.154828 0.286641 0.031594 0.033937
0 0.069422 0.281234 0.033094 0.037906
0 0.101969 0.944813 0.030687 0.033500
0 0.218531 0.086453 0.033438 0.040250
0 0.048133 0.076438 0.040234 0.045781
0 0.006625 0.332055 0.013250 0.040422
0 0.011055 0.482336 0.022078 0.051797
0 0.178367 0.946688 0.029859 0.033469
0 0.083023 0.891836 0.026953 0.027984
0 0.019656 0.540672 0.038812 0.043469
0 0.039922 0.731555 0.032375 0.030984
