0 0.771656 0.780328 0.037563 0.040375
0 0.956516 0.633406 0.031875 0.031219
0 0.970773 0.723227 0.048141 0.045859
0 0.349750 0.790711 0.059344 0.058391
0 0.087789 0.844570 0.050734 0.051141
0 0.593219 0.690813 0.050375 0.049437
0 0.397148 0.711203 0.046328 0.051094
0 0.623523 0.908266 0.037641 0.034156
0 0.126578 0.930680 0.050438 0.050422
0 0.794969 0.971789 0.035594 0.035609
0 0.621797 0.863586 0.035344 0.033859
0 0.843828 0.891547 0.036594 0.036031
0 0.423430 0.899234 0.036391 0.035375
0 0.617883 0.819180 0.036328 0.035234
0 0.374039 0.888188 0.042516 0.041094
0 0.962602 0.674102 0.036516 0.034953
0 0.339656 0.744641 0.050312 0.049281
0 0.442508 0.981625 0.044453 0.035219
0 0.414914 0.812477 0.037859 0.037672
0 0.747500 0.668406 0.040125 0.041375
0 0.850203 0.942055 0.034531 0.031516
0 0.977531 0.769781 0.043656 0.039219
0 0.436320 0.941008 0.033484 0.031453
0 0.175187 0.879422 0.032750 0.034125
0 0.595969 0.740234 0.042687 0.040594
0 0.832883 0.789820 0.033703 0.034234
0 0.631336 0.948828 0.032234 0.030063
0 0.946828 0.582719 0.046000 0.047344
0 0.427406 0.854445 0.041156 0.034266
0 0.140656 0.976945 0.037125 0.039891
0 0.070008 0.793555 0.036703 0.038797
0 0.190750 0.980820 0.037187 0.037703
0 0.941836 0.533313 0.043516 0.042500
0 0.183219 0.931781 0.035000 0.035688
0 0.636352 0.984969 0.033391 0.028906
0 0.860336 0.984422 0.038297 0.030250
0 0.160828 0.832828 0.044125 0.048875
0 0.367141 0.841266 0.028656 0.028875
0 0.781414 0.873359 0.034016 0.033594
0 0.107945 0.889367 0.036984 0.032547
0 0.387609 0.975578 0.048969 0.048844
0 0.984531 0.813094 0.030375 0.033687
0 0.574695 0.931266 0.030547 0.026187
0 0.406375 0.766031 0.037188 0.040781
0 0.564203 0.844258 0.039625 0.038297
0 0.987453 0.897672 0.025094 0.034500
0 0.788313 0.925109 0.030219 0.031969
0 0.986477 0.855922 0.027047 0.035906
0 0.609187 0.782789 0.037969 0.031422
0 0.332234 0.697914 0.053844 0.055172
0 0.552547 0.804742 0.031656 0.026703
0 0.565828 0.892711 0.027719 0.026016
0 0.007578 0.919703 0.015156 0.043000
0 0.543523 0.767805 0.025578 0.024828
0 0.152000 0.815031 0.064375 0.068313
0 0.937422 0.487281 0.031250 0.031219
0 0.580094 0.975352 0.027094 0.027328
0 0.773203 0.830758 0.032031 0.029109
0 0.538758 0.728914 0.030547 0.027672
0 0.010461 0.978211 0.020922 0.040547
0 0.825773 0.747102 0.034547 0.030734
0 0.837047 0.844477 0.026875 0.025453
0 0.755469 0.724000 0.030281 0.033031
0 0.386930 0.931500 0.043141 0.034000
0 0.724383 0.789758 0.035734 0.035047
0 0.818719 0.689422 0.031500 0.031000
