0 0.952477 0.669508 0.051922 0.059016
0 0.924320 0.024203 0.055609 0.048406
0 0.561141 0.361883 0.058125 0.064828
0 0.428141 0.147594 0.054531 0.047969
0 0.583789 0.300352 0.050672 0.053484
0 0.955617 0.752219 0.047047 0.046812
0 0.344852 0.136805 0.053109 0.058641
0 0.692094 0.473133 0.044750 0.048797
0 0.834633 0.622695 0.041203 0.040797
0 0.898742 0.270031 0.048891 0.054219
0 0.748719 0.531438 0.047938 0.054344
0 0.920148 0.635297 0.042828 0.045156
0 0.797828 0.511484 0.052031 0.049438
0 0.860859 0.576320 0.049969 0.046859
0 0.798383 0.183641 0.041484 0.044406
0 0.889336 0.607195 0.041453 0.044422
0 0.255734 0.036445 0.046625 0.047266
0 0.829680 0.206367 0.041984 0.050516
0 0.892312 0.691758 0.048687 0.049422
0 0.914266 0.204961 0.041875 0.045109
0 0.780297 0.568070 0.045250 0.052203
0 0.621734 0.325992 0.047125 0.049484
0 0.469016 0.264867 0.042031 0.042703
0 0.984859 0.350922 0.030031 0.046375
0 0.332469 0.054625 0.048594 0.050469
0 0.524039 0.236820 0.037297 0.038672
0 0.863813 0.237922 0.045625 0.058625
0 0.379062 0.171758 0.041031 0.048516
0 0.280859 0.067266 0.041563 0.046031
0 0.631742 0.418492 0.050109 0.060703
0 0.657297 0.446992 0.045531 0.052359
0 0.849773 0.145289 0.041453 0.044672
0 0.712625 0.416906 0.040813 0.046687
0 0.435484 0.229477 0.042563 0.050484
0 0.861000 0.657891 0.042688 0.040719
0 0.681242 0.392930 0.041828 0.042172
0 0.399859 0.111922 0.037375 0.036875
0 0.313938 0.102375 0.047031 0.044219
0 0.367594 0.077453 0.047188 0.049781
0 0.404664 0.201211 0.041766 0.042828
0 0.881969 0.171078 0.041312 0.046188
0 0.718703 0.505648 0.038531 0.043234
0 0.922109 0.720453 0.042906 0.041875
0 0.768031 0.477039 0.037375 0.036359
0 0.652195 0.358789 0.033203 0.033703
0 0.598359 0.386664 0.030344 0.033203
0 0.829133 0.540844 0.032797 0.032313
0 0.965461 0.037227 0.029203 0.030922
0 0.538898 0.281555 0.032891 0.037203
0 0.744453 0.447438 0.040719 0.044313
