0 0.926625 0.857313 0.031562 0.031969
0 0.873234 0.926320 0.034844 0.037734
0 0.878109 0.397977 0.030250 0.033109
0 0.949477 0.549844 0.034359 0.031781
0 0.883477 0.302125 0.035047 0.034094
0 0.873953 0.978547 0.032719 0.034594
0 0.882469 0.702539 0.030031 0.029797
0 0.885492 0.439961 0.032172 0.029328
0 0.872055 0.835211 0.031828 0.031734
0 0.933383 0.948703 0.028734 0.029500
0 0.871922 0.880789 0.030531 0.030016
0 0.879609 0.570148 0.028875 0.026266
0 0.941766 0.365664 0.029375 0.031891
0 0.926359 0.809484 0.030031 0.030156
0 0.881734 0.344586 0.027594 0.027047
0 0.944117 0.412391 0.025859 0.028656
0 0.929836 0.906805 0.025516 0.026578
0 0.881211 0.605820 0.028828 0.025172
0 0.942242 0.726070 0.031734 0.032016
0 0.942875 0.589250 0.028969 0.028187
0 0.943187 0.235961 0.024563 0.028266
0 0.942328 0.283227 0.034625 0.032984
0 0.929766 0.767414 0.026656 0.025422
0 0.885070 0.263141 0.026359 0.025063
0 0.896156 0.486719 0.055719 0.048156
0 0.880766 0.531820 0.025781 0.025828
0 0.884047 0.654641 0.028906 0.026562
0 0.875812 0.740430 0.031125 0.027516
0 0.938336 0.321430 0.034578 0.029172
0 0.865844 0.791820 0.032437 0.030828
0 0.934508 0.989391 0.030984 0.020250
0 0.943203 0.631328 0.029031 0.026562
0 0.948414 0.454352 0.025859 0.024109
0 0.941570 0.679781 0.027422 0.024844
