0 0.837336 0.687523 0.044922 0.031453
0 0.877023 0.034656 0.038922 0.034438
0 0.877398 0.072094 0.039672 0.022469
0 0.880391 0.112523 0.030687 0.029953
0 0.885633 0.161195 0.029203 0.028453
0 0.893492 0.196750 0.022453 0.020219
0 0.890492 0.233063 0.026953 0.034438
0 0.894242 0.277234 0.034453 0.032938
0 0.897234 0.322914 0.032937 0.023953
0 0.894617 0.364461 0.026203 0.027703
0 0.896109 0.405641 0.036688 0.039688
0 0.895734 0.446070 0.038938 0.035203
0 0.893117 0.482758 0.041172 0.033703
0 0.904352 0.525062 0.024703 0.032937
0 0.902852 0.556883 0.024703 0.029203
0 0.894617 0.587195 0.038172 0.026953
0 0.836219 0.721219 0.033688 0.022469
0 0.902477 0.625758 0.031453 0.023203
0 0.903594 0.666938 0.035187 0.038187
0 0.811883 0.053750 0.041922 0.041188
0 0.818625 0.099422 0.034438 0.033687
0 0.817875 0.138727 0.032938 0.028453
0 0.827977 0.177281 0.029203 0.036688
0 0.837719 0.222203 0.057656 0.036687
0 0.842211 0.763898 0.042672 0.043422
0 0.830977 0.258148 0.038172 0.024703
0 0.829852 0.297078 0.047922 0.038187
0 0.828359 0.342000 0.037438 0.035187
0 0.826484 0.387297 0.051656 0.032938
0 0.825734 0.428477 0.053156 0.038922
0 0.825359 0.498477 0.040437 0.026203
0 0.830602 0.531055 0.041922 0.026953
0 0.829109 0.570727 0.050906 0.025453
0 0.830977 0.610781 0.051672 0.038187
0 0.835844 0.651961 0.046406 0.033703
