0 0.697695 0.635727 0.055016 0.043766
0 0.867133 0.615805 0.053797 0.046172
0 0.708719 0.542641 0.056625 0.051781
0 0.895078 0.369109 0.046438 0.044625
0 0.655102 0.935008 0.042359 0.039859
0 0.631437 0.757102 0.046844 0.049734
0 0.692484 0.733336 0.043094 0.040984
0 0.875531 0.520359 0.058437 0.041156
0 0.643914 0.559211 0.052016 0.043797
0 0.723844 0.448719 0.044125 0.039750
0 0.693258 0.681906 0.044734 0.040125
0 0.640234 0.704953 0.044781 0.045844
0 0.607859 0.910016 0.039875 0.037219
0 0.885578 0.471617 0.040625 0.040453
0 0.642375 0.608555 0.049125 0.041766
0 0.680070 0.841266 0.046141 0.043906
0 0.858047 0.712266 0.043469 0.038531
0 0.847602 0.846594 0.039234 0.032719
0 0.760633 0.021219 0.049703 0.042438
0 0.849336 0.756687 0.043734 0.038187
0 0.955336 0.056844 0.042453 0.043531
0 0.900484 0.907727 0.036281 0.035359
0 0.600984 0.962578 0.041437 0.041156
0 0.845906 0.932836 0.038906 0.035641
0 0.688055 0.782422 0.039734 0.036500
0 0.650523 0.979836 0.056391 0.038797
0 0.851938 0.887734 0.045094 0.037312
0 0.862891 0.664250 0.049156 0.037813
0 0.623906 0.809391 0.034875 0.033250
0 0.839406 0.977484 0.039656 0.037156
0 0.917977 0.732969 0.033016 0.030781
0 0.897680 0.865602 0.029922 0.026734
0 0.937961 0.500383 0.032984 0.030047
0 0.665539 0.887055 0.038859 0.033203
0 0.936680 0.452422 0.030859 0.028500
0 0.869297 0.566305 0.036688 0.031797
0 0.943992 0.401187 0.034422 0.033625
0 0.926156 0.594289 0.031156 0.032234
0 0.927156 0.640750 0.031281 0.029406
0 0.919344 0.688789 0.030781 0.030672
0 0.910594 0.779930 0.039625 0.035797
0 0.891148 0.418047 0.038359 0.034844
0 0.702398 0.591734 0.032953 0.028406
0 0.851766 0.803031 0.040281 0.034875
0 0.947695 0.012734 0.040297 0.025188
0 0.901547 0.824844 0.028750 0.027313
0 0.718578 0.492922 0.034031 0.030719
0 0.651664 0.513430 0.035234 0.029578
0 0.638398 0.653898 0.033984 0.028859
0 0.617039 0.861797 0.036734 0.033563
0 0.892734 0.955477 0.025812 0.024922
0 0.930172 0.542609 0.026875 0.026562
0 0.660219 0.462672 0.033219 0.030719
0 0.711781 0.965812 0.035156 0.034500
0 0.726453 0.402531 0.034375 0.031000
0 0.705398 0.043195 0.037672 0.036578
0 0.655617 0.421352 0.038297 0.039109
0 0.697984 0.008203 0.040500 0.016406
