0 0.372719 0.719156 0.058094 0.052156
0 0.178664 0.746312 0.046016 0.045875
0 0.192734 0.384898 0.042562 0.043984
0 0.203555 0.236219 0.041797 0.041781
0 0.155281 0.059734 0.048375 0.044219
0 0.216688 0.085258 0.046750 0.045172
0 0.376055 0.782219 0.052578 0.051406
0 0.311711 0.752961 0.056297 0.049484
0 0.133719 0.507320 0.046500 0.043547
0 0.415961 0.170227 0.045203 0.043953
0 0.399719 0.370953 0.037156 0.033469
0 0.143836 0.207984 0.036109 0.034156
0 0.419703 0.121945 0.045750 0.042953
0 0.355516 0.144641 0.044344 0.045500
0 0.148117 0.256586 0.044297 0.044047
0 0.150727 0.111852 0.041547 0.039391
0 0.179797 0.690773 0.044125 0.043953
0 0.322773 0.488836 0.061891 0.048578
0 0.308984 0.849367 0.038563 0.039016
0 0.210453 0.136859 0.046656 0.043562
0 0.175586 0.896531 0.040078 0.038156
0 0.358687 0.095258 0.050500 0.050578
0 0.183430 0.595047 0.037297 0.033188
0 0.182258 0.641406 0.040672 0.041812
0 0.207508 0.185969 0.039047 0.039250
0 0.429648 0.065961 0.044141 0.046141
0 0.338359 0.345883 0.035781 0.034578
0 0.323203 0.635703 0.034500 0.034750
0 0.144031 0.307391 0.036375 0.037688
0 0.117914 0.915477 0.057516 0.053516
0 0.407422 0.222656 0.036844 0.038438
0 0.325250 0.584719 0.035375 0.034250
0 0.134445 0.406023 0.037359 0.038422
0 0.124063 0.617750 0.036844 0.038531
0 0.176055 0.846625 0.037453 0.039031
0 0.341617 0.300016 0.045453 0.040219
0 0.391187 0.566133 0.045062 0.043516
0 0.224680 0.033852 0.040641 0.042047
0 0.397711 0.468914 0.042547 0.044859
0 0.311477 0.907391 0.036672 0.038875
0 0.344492 0.251008 0.044328 0.042516
0 0.328875 0.436156 0.062219 0.052531
0 0.201617 0.283109 0.031766 0.032500
0 0.382672 0.664945 0.042844 0.038922
0 0.177555 0.795789 0.034547 0.033734
0 0.397328 0.416609 0.041875 0.042688
0 0.126773 0.562602 0.035922 0.037516
0 0.148359 0.152008 0.035438 0.031422
0 0.136563 0.453164 0.041094 0.041484
0 0.314734 0.801031 0.042469 0.038406
0 0.135320 0.355516 0.035172 0.035187
0 0.196734 0.330602 0.031969 0.036578
0 0.015547 0.226055 0.030562 0.047516
0 0.120828 0.821992 0.031125 0.029734
0 0.349445 0.191820 0.036234 0.032797
0 0.401000 0.324625 0.032875 0.031406
0 0.124930 0.766266 0.035141 0.039094
0 0.123031 0.712352 0.039031 0.038422
0 0.123633 0.663250 0.032797 0.033719
0 0.325672 0.536383 0.033750 0.031078
0 0.190062 0.485023 0.033250 0.033328
0 0.383805 0.618742 0.032359 0.031391
0 0.365977 0.934906 0.037078 0.031594
0 0.368484 0.981891 0.046969 0.034437
0 0.321656 0.685383 0.028656 0.028359
0 0.394859 0.520344 0.031281 0.030563
0 0.111102 0.962234 0.036984 0.034563
0 0.174820 0.945063 0.032828 0.028875
0 0.188031 0.537383 0.028750 0.030328
0 0.424906 0.016453 0.035062 0.031062
0 0.364312 0.038773 0.039000 0.036547
0 0.122031 0.867773 0.037937 0.032047
0 0.018469 0.043578 0.035094 0.037531
0 0.304336 0.953391 0.025547 0.027719
0 0.336203 0.388547 0.039906 0.034375
0 0.015367 0.090867 0.029953 0.035703
0 0.406320 0.274398 0.028234 0.030047
0 0.165047 0.012305 0.036094 0.024422
0 0.011844 0.135258 0.023688 0.036922
0 0.373023 0.827453 0.029203 0.027562
0 0.006992 0.316719 0.013984 0.029344
0 0.010484 0.276344 0.020969 0.036031
0 0.373359 0.878203 0.027656 0.029781
0 0.780156 0.837641 0.032969 0.039406
0 0.010906 0.180219 0.021813 0.033563
0 0.718945 0.955305 0.024641 0.025234
