0 0.257648 0.062437 0.061766 0.064312
0 0.800695 0.136813 0.047391 0.049969
0 0.541258 0.232992 0.052922 0.050359
0 0.852117 0.094539 0.051359 0.055141
0 0.894375 0.118945 0.048687 0.055391
0 0.590297 0.252297 0.059656 0.068375
0 0.528312 0.301539 0.042906 0.045109
0 0.642156 0.358297 0.041531 0.042656
0 0.674016 0.017820 0.049250 0.035609
0 0.841227 0.162906 0.044859 0.053406
0 0.966406 0.475180 0.041156 0.043453
0 0.730250 0.343477 0.042375 0.052297
0 0.767945 0.049516 0.039859 0.042938
0 0.980930 0.558180 0.037484 0.051734
0 0.930984 0.147391 0.044875 0.049625
0 0.660828 0.296945 0.043750 0.045859
0 0.951102 0.233672 0.046109 0.054656
0 0.222570 0.022797 0.051578 0.045594
0 0.797984 0.447047 0.039375 0.044062
0 0.806523 0.386133 0.047797 0.046672
0 0.681086 0.383469 0.041641 0.049531
0 0.769078 0.363875 0.041812 0.044531
0 0.923430 0.505695 0.048359 0.054797
0 0.757914 0.426336 0.040297 0.046766
0 0.880859 0.487836 0.043688 0.049422
0 0.933789 0.448156 0.036797 0.037375
0 0.603750 0.338930 0.041094 0.047734
0 0.569617 0.319414 0.036703 0.042328
0 0.695172 0.318195 0.034094 0.039359
0 0.914523 0.203750 0.039203 0.045500
0 0.842883 0.471031 0.038109 0.040406
0 0.982758 0.257641 0.034047 0.058500
0 0.951922 0.537617 0.048438 0.058734
0 0.284141 0.015773 0.056406 0.031422
0 0.658078 0.067562 0.025469 0.023531
0 0.624148 0.271875 0.040922 0.045406
0 0.729141 0.026875 0.044406 0.052719
0 0.854000 0.401453 0.030531 0.049938
0 0.891453 0.429195 0.027750 0.047172
