0 0.515336 0.673297 0.049516 0.045625
0 0.862313 0.783867 0.058813 0.054859
0 0.254609 0.460477 0.050750 0.043641
0 0.935906 0.710922 0.058687 0.049906
0 0.234219 0.546414 0.049844 0.046922
0 0.768094 0.343000 0.059156 0.053938
0 0.147859 0.086109 0.059875 0.052906
0 0.918070 0.419172 0.050359 0.046031
0 0.923633 0.769172 0.053484 0.054344
0 0.944359 0.658422 0.047375 0.044313
0 0.432203 0.872687 0.050906 0.048000
0 0.453977 0.731984 0.043266 0.045312
0 0.732305 0.184406 0.050234 0.041688
0 0.277945 0.345492 0.053328 0.051016
0 0.907172 0.930367 0.049281 0.052766
0 0.971258 0.450445 0.048797 0.051359
0 0.852391 0.887297 0.041625 0.039531
0 0.719844 0.700898 0.046031 0.042484
0 0.643031 0.795086 0.038406 0.038641
0 0.492492 0.462187 0.043141 0.038563
0 0.321547 0.047375 0.046344 0.037875
0 0.301609 0.495297 0.049188 0.043438
0 0.285383 0.296195 0.046578 0.038578
0 0.366187 0.167609 0.052156 0.045469
0 0.074953 0.459625 0.035313 0.039969
0 0.032055 0.386453 0.048078 0.046031
0 0.703750 0.833516 0.057125 0.045906
0 0.475516 0.596977 0.042281 0.041141
0 0.546133 0.033898 0.051766 0.047359
0 0.079953 0.096641 0.046250 0.044375
0 0.902156 0.514539 0.052656 0.051703
0 0.330289 0.370852 0.047797 0.040328
0 0.588844 0.161016 0.056344 0.046562
0 0.867875 0.728922 0.044281 0.043063
0 0.046250 0.294461 0.047781 0.037828
0 0.543180 0.487664 0.038703 0.038453
0 0.536250 0.541148 0.045844 0.043984
0 0.922203 0.365766 0.055687 0.050563
0 0.940141 0.224133 0.041156 0.036609
0 0.892617 0.573859 0.036359 0.034969
0 0.961453 0.030844 0.043562 0.041812
0 0.095430 0.365523 0.056422 0.049859
0 0.939570 0.174383 0.052984 0.047234
0 0.935039 0.270586 0.036391 0.039453
0 0.228062 0.594492 0.045063 0.040359
0 0.739969 0.137680 0.041188 0.038016
0 0.298344 0.539367 0.055813 0.047703
0 0.442867 0.824266 0.038641 0.035562
0 0.487516 0.507656 0.037219 0.034531
0 0.296422 0.220414 0.039000 0.035891
0 0.351094 0.248078 0.042500 0.034437
0 0.691617 0.921633 0.035703 0.036141
0 0.024203 0.484617 0.044000 0.040078
0 0.949742 0.550227 0.044328 0.043609
0 0.727086 0.649641 0.037234 0.034063
0 0.710781 0.273922 0.040187 0.034969
0 0.261234 0.786727 0.048344 0.042266
0 0.371891 0.081859 0.045094 0.038969
0 0.309359 0.137430 0.045469 0.038828
0 0.948039 0.605422 0.042078 0.041781
0 0.567125 0.298008 0.035969 0.036422
0 0.160711 0.014359 0.045141 0.028406
0 0.249648 0.826641 0.033266 0.031313
0 0.077430 0.509414 0.033922 0.031516
0 0.696375 0.875711 0.054031 0.041922
0 0.947734 0.126008 0.051281 0.046766
0 0.500437 0.764477 0.044563 0.045484
0 0.883258 0.678055 0.045203 0.042766
0 0.290375 0.584805 0.037969 0.032391
0 0.662180 0.663047 0.036453 0.034906
0 0.599492 0.073469 0.037922 0.033219
0 0.917805 0.828422 0.040266 0.038562
0 0.594586 0.112414 0.041484 0.035172
0 0.489312 0.859484 0.038969 0.035344
0 0.856766 0.839258 0.043875 0.040547
0 0.358148 0.209602 0.039172 0.032859
0 0.760523 0.436836 0.057641 0.050891
0 0.842867 0.937039 0.042672 0.042266
0 0.284547 0.628289 0.043000 0.040922
0 0.580070 0.208875 0.042516 0.032937
0 0.478125 0.954703 0.041875 0.039094
0 0.056313 0.708617 0.035406 0.030922
0 0.709961 0.787188 0.045922 0.037938
0 0.300602 0.176406 0.035859 0.030875
0 0.315672 0.090555 0.046625 0.042641
0 0.052766 0.796680 0.031000 0.032734
0 0.572750 0.250883 0.044313 0.039797
0 0.811391 0.032867 0.031844 0.032609
0 0.890805 0.623945 0.036047 0.037047
0 0.040633 0.339391 0.042234 0.040188
0 0.513828 0.260906 0.035281 0.034969
0 0.953547 0.079469 0.045500 0.042125
0 0.425172 0.921094 0.034875 0.033719
0 0.058352 0.751430 0.041453 0.037547
0 0.790617 0.213820 0.045766 0.037859
0 0.245250 0.499625 0.038375 0.034406
0 0.271500 0.745750 0.050500 0.039000
0 0.027219 0.437562 0.043906 0.042125
0 0.365477 0.123461 0.037266 0.031047
0 0.310750 0.450453 0.039375 0.034625
0 0.240344 0.904352 0.040000 0.037984
0 0.975883 0.347477 0.041578 0.038359
0 0.182320 0.916445 0.053266 0.045672
0 0.495969 0.410922 0.045406 0.045688
0 0.318336 0.411414 0.034328 0.030984
0 0.344633 0.288797 0.045109 0.037531
0 0.100953 0.322867 0.033656 0.031172
0 0.742227 0.514508 0.040297 0.033922
0 0.274031 0.708086 0.034375 0.030859
0 0.073250 0.589844 0.028250 0.025625
0 0.701461 0.358023 0.038828 0.037391
0 0.341641 0.333055 0.057031 0.043203
0 0.982531 0.305453 0.034063 0.040219
0 0.647703 0.750281 0.039656 0.035562
0 0.914406 0.877695 0.039687 0.032422
0 0.693148 0.404430 0.042328 0.039422
0 0.065391 0.626625 0.038437 0.035375
0 0.483789 0.551766 0.041172 0.037063
0 0.666789 0.619961 0.029672 0.035672
0 0.069797 0.137195 0.042188 0.035609
0 0.019039 0.523516 0.037516 0.036875
0 0.688836 0.445414 0.033953 0.028891
0 0.971453 0.398047 0.034125 0.034938
0 0.096625 0.017320 0.040594 0.034172
0 0.985344 0.252398 0.028937 0.039172
0 0.222367 0.984555 0.045578 0.030516
0 0.505445 0.309930 0.034891 0.039578
0 0.750445 0.090016 0.035547 0.031750
0 0.049523 0.252516 0.040141 0.033125
0 0.807117 0.075844 0.031984 0.032031
0 0.101813 0.283563 0.029875 0.029625
0 0.464641 0.683117 0.032500 0.032859
0 0.835766 0.981867 0.044500 0.034734
0 0.525758 0.631773 0.032547 0.027859
0 0.290023 0.257391 0.038516 0.030469
0 0.057828 0.214547 0.048625 0.040656
0 0.074039 0.551977 0.026797 0.027297
0 0.754203 0.046938 0.030031 0.031688
0 0.726430 0.229648 0.040234 0.035422
0 0.449648 0.778859 0.035172 0.032906
0 0.929414 0.314180 0.029891 0.032891
0 0.896523 0.980883 0.044484 0.036734
0 0.279648 0.670336 0.032297 0.028516
0 0.652578 0.703250 0.036437 0.031750
0 0.195102 0.833711 0.051172 0.040828
0 0.080109 0.410828 0.030719 0.030750
0 0.798789 0.120398 0.028797 0.027359
0 0.197914 0.792344 0.049766 0.042250
0 0.603117 0.020430 0.037234 0.034672
0 0.495383 0.810977 0.026953 0.029109
0 0.035078 0.915422 0.029219 0.029969
0 0.507437 0.719578 0.022656 0.023219
0 0.375227 0.042148 0.049141 0.043609
0 0.119867 0.204258 0.030234 0.029516
0 0.540602 0.084953 0.032078 0.033250
0 0.112141 0.245883 0.032656 0.028422
0 0.031758 0.957500 0.023703 0.024781
0 0.232047 0.946539 0.029781 0.031578
0 0.149562 0.045500 0.026438 0.023156
0 0.796000 0.167508 0.039344 0.036703
0 0.063312 0.176078 0.040500 0.033969
0 0.782852 0.257383 0.036078 0.035141
0 0.714906 0.744328 0.034813 0.030750
0 0.419289 0.966719 0.033734 0.034781
0 0.705891 0.312453 0.034250 0.032750
0 0.533875 0.583828 0.033688 0.029344
0 0.986969 0.205742 0.026062 0.039234
0 0.467000 0.642180 0.038406 0.035641
0 0.130203 0.124477 0.030656 0.028203
0 0.019820 0.564898 0.039172 0.039859
0 0.086633 0.055070 0.040859 0.033234
0 0.203016 0.756828 0.055375 0.049281
0 0.525016 0.181742 0.038406 0.034078
0 0.223000 0.639352 0.045969 0.040109
0 0.014914 0.605523 0.028953 0.033953
0 0.266445 0.420000 0.030297 0.030375
0 0.910836 0.465734 0.030484 0.032000
0 0.642000 0.843836 0.033188 0.037547
0 0.014477 0.647766 0.027953 0.032844
0 0.475531 0.991211 0.040469 0.016859
0 0.750617 0.478273 0.035578 0.027984
0 0.483883 0.911078 0.038672 0.032719
0 0.671266 0.575227 0.024844 0.024891
0 0.763961 0.390594 0.037078 0.033875
0 0.184844 0.872391 0.043563 0.038281
0 0.007031 0.768430 0.014063 0.027078
0 0.008344 0.856383 0.016688 0.053453
0 0.532773 0.125367 0.025797 0.028016
0 0.266500 0.382648 0.028875 0.024984
0 0.322969 0.012320 0.043375 0.024578
0 0.010992 0.687773 0.021984 0.038141
0 0.503320 0.359125 0.028672 0.029219
0 0.170609 0.954750 0.042906 0.034687
0 0.028016 0.991594 0.037625 0.015594
0 0.008477 0.726836 0.016953 0.038516
0 0.209859 0.713922 0.042531 0.032125
