0 0.126156 0.594250 0.030719 0.031937
0 0.899312 0.691344 0.033562 0.030875
0 0.335477 0.563203 0.036922 0.032375
0 0.501047 0.505000 0.033531 0.030594
0 0.497195 0.549266 0.028703 0.029500
0 0.127148 0.640734 0.031141 0.029344
0 0.382461 0.811477 0.030484 0.030078
0 0.302516 0.959828 0.030500 0.032031
0 0.091180 0.417977 0.038203 0.034672
0 0.051047 0.802773 0.040469 0.034547
0 0.147734 0.012711 0.040687 0.025172
0 0.110648 0.779930 0.039391 0.035641
0 0.930508 0.467305 0.032703 0.029359
0 0.119352 0.688789 0.030672 0.030578
0 0.334273 0.650055 0.034484 0.030422
0 0.534258 0.777375 0.027734 0.028125
0 0.886172 0.820797 0.033062 0.030406
0 0.469156 0.922375 0.030563 0.030312
0 0.974375 0.580875 0.030250 0.030563
0 0.480352 0.794695 0.030484 0.029453
0 0.545383 0.474680 0.033922 0.033328
0 0.540289 0.622703 0.030203 0.036125
0 0.308641 0.866187 0.029469 0.028375
0 0.101516 0.824797 0.028437 0.027188
0 0.331023 0.736203 0.030484 0.031406
0 0.359500 0.938992 0.029875 0.031172
0 0.383437 0.766266 0.031344 0.026813
0 0.364586 0.892914 0.028672 0.027641
0 0.928039 0.984250 0.035328 0.030719
0 0.334086 0.517328 0.033141 0.029188
0 0.369477 0.039602 0.033859 0.035766
0 0.470742 0.880484 0.025672 0.024500
0 0.332000 0.696891 0.030969 0.028313
0 0.389797 0.680141 0.029219 0.027344
0 0.304539 0.910047 0.028203 0.030875
0 0.095109 0.368969 0.046375 0.044750
0 0.929977 0.938727 0.031172 0.032109
0 0.371938 0.849469 0.026219 0.025656
0 0.985508 0.497008 0.028766 0.031016
0 0.494328 0.412750 0.028313 0.030406
0 0.542930 0.427516 0.028141 0.029437
0 0.879242 0.958234 0.026953 0.027125
0 0.332867 0.475742 0.030141 0.030828
0 0.569383 0.018562 0.037578 0.036562
0 0.092742 0.955469 0.025516 0.024875
0 0.330977 0.425805 0.027859 0.028359
0 0.318898 0.779578 0.028672 0.026781
0 0.720953 0.793445 0.043125 0.042672
0 0.377258 0.458734 0.034609 0.029875
0 0.495102 0.594383 0.031766 0.030016
0 0.130164 0.542586 0.026672 0.026328
0 0.541781 0.531820 0.032594 0.028016
0 0.373789 0.494359 0.028734 0.026250
0 0.748281 0.575289 0.038375 0.036547
0 0.538914 0.669055 0.023047 0.025828
0 0.930055 0.430047 0.027172 0.026844
0 0.978766 0.538367 0.029187 0.031453
0 0.516609 0.991742 0.032437 0.015797
0 0.343773 0.984742 0.029516 0.029672
0 0.717047 0.963859 0.035375 0.039406
0 0.918016 0.555211 0.031531 0.029891
0 0.542555 0.379195 0.033016 0.030359
0 0.947859 0.326750 0.022781 0.029969
0 0.939461 0.371719 0.034766 0.033562
0 0.067211 0.615750 0.053547 0.046156
0 0.075844 0.520234 0.057594 0.040844
0 0.518992 0.953617 0.040672 0.041359
0 0.085664 0.471625 0.040484 0.040313
0 0.522000 0.899914 0.041437 0.035953
0 0.888062 0.735805 0.037531 0.036891
0 0.205320 0.028453 0.046672 0.050031
0 0.155531 0.056914 0.042469 0.043672
0 0.058164 0.712219 0.043047 0.038438
0 0.472883 0.838398 0.033047 0.035828
0 0.047734 0.846641 0.038687 0.032469
0 0.493859 0.647969 0.036594 0.035313
0 0.389031 0.723672 0.036281 0.034781
0 0.049547 0.756633 0.042844 0.037953
0 0.523594 0.859047 0.038906 0.031188
0 0.927469 0.511891 0.038844 0.037719
0 0.950125 0.759875 0.033406 0.031406
0 0.536148 0.722523 0.032234 0.033984
0 0.100469 0.907687 0.036063 0.035187
0 0.486820 0.747742 0.033359 0.033359
0 0.467781 0.971977 0.035406 0.037422
0 0.332984 0.385008 0.040156 0.038359
0 0.052023 0.888234 0.043547 0.037281
0 0.539492 0.573391 0.035766 0.036344
0 0.046133 0.932914 0.038109 0.035766
0 0.384484 0.583289 0.037281 0.034516
0 0.875000 0.912000 0.041062 0.036594
0 0.941281 0.844680 0.032656 0.032703
0 0.961477 0.675430 0.036078 0.031203
0 0.313273 0.822336 0.034891 0.032891
0 0.944562 0.800656 0.034000 0.033063
0 0.487289 0.693766 0.036391 0.036406
0 0.391445 0.636219 0.037234 0.035031
0 0.500328 0.459078 0.033125 0.031875
0 0.062867 0.664148 0.048578 0.037828
0 0.525813 0.817844 0.035250 0.033406
0 0.954148 0.719781 0.033734 0.032313
0 0.375305 0.535539 0.032422 0.032391
0 0.337141 0.611102 0.035719 0.032578
0 0.877602 0.864680 0.036359 0.035391
0 0.138008 0.500398 0.032984 0.029984
0 0.097656 0.865609 0.029625 0.026687
0 0.039766 0.977461 0.038594 0.036766
0 0.144133 0.401227 0.034609 0.033672
0 0.887719 0.778133 0.033500 0.030422
0 0.117969 0.732930 0.032844 0.030703
0 0.136641 0.452445 0.030625 0.028422
0 0.902633 0.646219 0.030266 0.034000
0 0.069336 0.566250 0.036328 0.031656
0 0.968391 0.629703 0.033219 0.033094
0 0.937977 0.889836 0.032359 0.029609
