0 0.137922 0.889781 0.032250 0.029625
0 0.951969 0.390516 0.030281 0.033563
0 0.596000 0.497563 0.026812 0.030344
0 0.593133 0.714234 0.030078 0.032000
0 0.130531 0.467047 0.032250 0.028750
0 0.546875 0.470852 0.035344 0.034266
0 0.526445 0.871133 0.028953 0.029859
0 0.392250 0.599742 0.029719 0.031234
0 0.327133 0.708453 0.028859 0.030750
0 0.889352 0.590102 0.032578 0.032234
0 0.389148 0.503156 0.029922 0.030187
0 0.593664 0.627250 0.029109 0.031031
0 0.932914 0.709969 0.031109 0.029875
0 0.538289 0.642789 0.030922 0.030641
0 0.884523 0.680016 0.033172 0.029938
0 0.332234 0.573453 0.035438 0.033000
0 0.373266 0.911289 0.028781 0.028734
0 0.891430 0.639938 0.029984 0.029969
0 0.570594 0.894797 0.025687 0.026531
0 0.877313 0.728578 0.031813 0.029875
0 0.381547 0.690750 0.027656 0.028781
0 0.378594 0.822898 0.031062 0.028641
0 0.520703 0.913648 0.027500 0.028953
0 0.917656 0.851289 0.028844 0.030391
0 0.519008 0.964484 0.027484 0.030562
0 0.178430 0.538297 0.027703 0.031500
0 0.939242 0.618266 0.031297 0.032375
0 0.533875 0.778008 0.028781 0.029328
0 0.085961 0.820734 0.033234 0.029937
0 0.546633 0.332109 0.029609 0.030469
0 0.592844 0.670219 0.025312 0.027000
0 0.317563 0.890734 0.026437 0.028188
0 0.893445 0.499672 0.026109 0.030844
0 0.320719 0.845367 0.029844 0.031109
0 0.317797 0.798484 0.030156 0.030969
0 0.952586 0.347914 0.029422 0.031203
0 0.896437 0.454750 0.028813 0.028219
0 0.382172 0.644172 0.025312 0.026719
0 0.545070 0.375875 0.029484 0.030500
0 0.128016 0.984242 0.034937 0.030703
0 0.377523 0.864445 0.029297 0.027484
0 0.568719 0.942570 0.025563 0.030359
0 0.579617 0.845289 0.025984 0.028609
0 0.856469 0.870828 0.034469 0.029344
0 0.382555 0.732609 0.027078 0.027375
0 0.952406 0.438461 0.027906 0.029766
0 0.935109 0.665375 0.028281 0.027563
0 0.350625 0.388133 0.032719 0.034516
0 0.130039 0.938641 0.031047 0.032094
0 0.379625 0.780172 0.027031 0.025906
0 0.079234 0.958180 0.026812 0.026797
0 0.953469 0.530062 0.027562 0.025625
0 0.406617 0.410148 0.029547 0.030328
0 0.916672 0.941945 0.027438 0.027234
0 0.913602 0.894359 0.031141 0.027969
0 0.583539 0.801258 0.026797 0.028797
0 0.343984 0.429789 0.027344 0.028641
0 0.328586 0.616977 0.029422 0.027797
0 0.529023 0.820258 0.030984 0.028047
0 0.601414 0.350883 0.033672 0.033391
0 0.315375 0.936531 0.028094 0.031906
0 0.342758 0.473508 0.032422 0.031234
0 0.535898 0.688867 0.028109 0.029453
0 0.321164 0.753297 0.029422 0.028531
0 0.591117 0.543391 0.027859 0.026813
0 0.589477 0.586883 0.029328 0.031641
0 0.907391 0.325664 0.031500 0.029297
0 0.196078 0.453398 0.029000 0.028141
0 0.314641 0.980320 0.026031 0.027016
0 0.565742 0.986477 0.028953 0.026703
0 0.130000 0.429945 0.027000 0.026859
0 0.909250 0.982937 0.029875 0.029063
0 0.118055 0.554883 0.031016 0.028641
0 0.542180 0.516648 0.027047 0.027016
0 0.110859 0.602055 0.029281 0.029578
0 0.412133 0.360375 0.036016 0.038781
0 0.087234 0.735336 0.038719 0.036422
0 0.200172 0.411625 0.034937 0.035750
0 0.150219 0.759844 0.033406 0.031094
0 0.127328 0.511672 0.038375 0.036875
0 0.161789 0.675359 0.036172 0.031094
0 0.075023 0.911898 0.040891 0.036203
0 0.599547 0.450219 0.033125 0.035438
0 0.141359 0.844555 0.032844 0.032609
0 0.927547 0.756516 0.035219 0.034563
0 0.532031 0.733594 0.034031 0.032906
0 0.388758 0.550734 0.034609 0.032688
0 0.537984 0.561055 0.032969 0.031859
0 0.862742 0.824414 0.032359 0.034203
0 0.144562 0.800609 0.033750 0.033031
0 0.396586 0.451867 0.033922 0.031641
0 0.326703 0.662117 0.032688 0.034078
0 0.874414 0.773852 0.032922 0.033266
0 0.853430 0.914578 0.040359 0.034969
0 0.154555 0.719812 0.034203 0.032156
0 0.952406 0.484477 0.033969 0.031609
0 0.370820 0.957758 0.031141 0.031953
0 0.899211 0.363586 0.036234 0.032328
0 0.600070 0.400633 0.032047 0.032922
0 0.168688 0.630227 0.034781 0.034766
0 0.895625 0.407094 0.031781 0.033375
0 0.920227 0.806695 0.033016 0.031797
0 0.077570 0.864578 0.036453 0.035219
0 0.587594 0.759523 0.030000 0.029328
0 0.102937 0.646133 0.029250 0.033391
0 0.087641 0.778047 0.033562 0.030125
0 0.544320 0.424820 0.032422 0.034078
0 0.188031 0.496719 0.033625 0.029812
0 0.099148 0.691125 0.033828 0.030187
0 0.338156 0.523758 0.030281 0.032297
0 0.174039 0.580484 0.029609 0.029406
0 0.852297 0.959914 0.037562 0.033609
0 0.894164 0.545461 0.032453 0.030984
0 0.945305 0.576367 0.031891 0.032047
0 0.537445 0.601383 0.033047 0.031359
