0 0.981859 0.567156 0.034719 0.036000
0 0.557672 0.278250 0.039781 0.034969
0 0.789398 0.013461 0.046734 0.026766
0 0.914867 0.658898 0.033234 0.029672
0 0.572227 0.132273 0.029578 0.029203
0 0.909531 0.741383 0.052719 0.054109
0 0.952586 0.240266 0.039891 0.032469
0 0.574938 0.079141 0.033500 0.033750
0 0.444602 0.630797 0.022797 0.024625
0 0.782711 0.088070 0.047891 0.040859
0 0.769914 0.611547 0.026641 0.026406
0 0.628672 0.118141 0.053469 0.050219
0 0.610547 0.385094 0.058219 0.047156
0 0.939773 0.973383 0.046078 0.049203
0 0.667453 0.910727 0.047719 0.040078
0 0.616859 0.267148 0.052219 0.049547
0 0.588531 0.546937 0.048688 0.043906
0 0.523922 0.555891 0.059000 0.049781
0 0.572375 0.706578 0.051844 0.048781
0 0.921094 0.620750 0.048781 0.041875
0 0.567180 0.763227 0.042578 0.042234
0 0.779703 0.132859 0.055094 0.040750
0 0.497453 0.771086 0.042563 0.043922
0 0.888719 0.903008 0.058281 0.038859
0 0.987664 0.440266 0.024672 0.034281
0 0.895258 0.830719 0.040109 0.035313
0 0.789555 0.495453 0.035016 0.029031
0 0.969305 0.154633 0.042766 0.034641
0 0.893828 0.868172 0.053219 0.037594
0 0.981102 0.072508 0.036797 0.041172
0 0.801078 0.419180 0.024062 0.021484
0 0.742734 0.466797 0.033438 0.031687
0 0.563227 0.820688 0.043891 0.045437
0 0.613031 0.323844 0.049125 0.040375
0 0.550711 0.334102 0.047953 0.050391
0 0.531445 0.505227 0.048203 0.046016
0 0.694523 0.699867 0.045203 0.037984
0 0.963156 0.196531 0.053875 0.047312
0 0.534914 0.448375 0.040453 0.039719
0 0.804703 0.372453 0.049781 0.044750
0 0.594430 0.491719 0.049641 0.046094
0 0.515781 0.611148 0.046125 0.042766
0 0.950492 0.284508 0.059891 0.047703
0 0.541094 0.400102 0.040406 0.038516
0 0.577109 0.653523 0.046906 0.043516
0 0.946898 0.897984 0.049234 0.044187
0 0.631117 0.062555 0.046984 0.044891
0 0.740469 0.425156 0.037844 0.035312
0 0.966820 0.733031 0.049703 0.049437
0 0.982852 0.482789 0.033891 0.046547
0 0.565563 0.178445 0.042344 0.040891
0 0.931516 0.494781 0.048500 0.039906
0 0.802633 0.456977 0.052109 0.040828
0 0.969617 0.686133 0.041266 0.041547
0 0.507266 0.715977 0.052500 0.048734
0 0.721203 0.941617 0.041062 0.039922
0 0.661734 0.950156 0.035219 0.034062
0 0.678141 0.785484 0.038125 0.033563
0 0.828406 0.202305 0.039188 0.037797
0 0.514258 0.660898 0.041047 0.042141
0 0.954180 0.327828 0.026484 0.027187
0 0.769086 0.215156 0.044734 0.039000
0 0.790352 0.051492 0.053172 0.043734
0 0.623344 0.165805 0.038375 0.036047
0 0.742711 0.381133 0.034891 0.035172
0 0.559344 0.228102 0.043813 0.043359
0 0.760352 0.652359 0.051359 0.046375
0 0.600594 0.437961 0.044000 0.038703
0 0.582891 0.602047 0.031937 0.030750
0 0.671656 0.826164 0.043562 0.036391
0 0.689953 0.745336 0.038406 0.033172
0 0.636609 0.014109 0.046312 0.027969
0 0.670562 0.865953 0.033312 0.028781
0 0.933258 0.450281 0.042734 0.037188
0 0.739273 0.771570 0.029484 0.029953
0 0.698469 0.661156 0.033719 0.030406
0 0.725828 0.896258 0.030906 0.028422
0 0.736547 0.813836 0.029531 0.032484
0 0.730906 0.858164 0.033875 0.029328
0 0.974586 0.643930 0.036484 0.032328
0 0.756148 0.293078 0.031422 0.028875
0 0.713008 0.586187 0.040891 0.035500
0 0.929422 0.539266 0.047469 0.041625
0 0.835008 0.115516 0.029484 0.030156
0 0.773570 0.173328 0.036328 0.032219
0 0.656516 0.989039 0.036062 0.020578
0 0.817898 0.326992 0.047859 0.038891
0 0.981680 0.526039 0.035734 0.038297
0 0.974945 0.605805 0.035703 0.033297
0 0.911039 0.700078 0.053203 0.048844
0 0.831773 0.157594 0.024203 0.025156
0 0.901609 0.788094 0.053813 0.051562
0 0.718289 0.545039 0.032266 0.029422
0 0.978227 0.117453 0.042266 0.044781
0 0.827680 0.285984 0.030578 0.030719
0 0.940539 0.407242 0.049234 0.041484
0 0.881086 0.939078 0.067984 0.052719
0 0.753875 0.334367 0.033719 0.033172
0 0.956781 0.817117 0.053656 0.042797
0 0.580539 0.020859 0.037672 0.038062
0 0.845188 0.038633 0.022031 0.022016
0 0.766523 0.258406 0.036078 0.030656
0 0.949227 0.365422 0.045266 0.040906
0 0.696820 0.619805 0.038953 0.032953
0 0.880602 0.981352 0.052328 0.035641
0 0.949461 0.858117 0.040359 0.036516
0 0.828781 0.246195 0.028437 0.028359
0 0.960805 0.778187 0.046453 0.043312
0 0.725406 0.509094 0.033469 0.031250
0 0.781930 0.533789 0.033297 0.031297
0 0.715641 0.983617 0.031781 0.030203
0 0.922047 0.577773 0.046125 0.038859
0 0.610969 0.209094 0.027906 0.027094
0 0.737180 0.729547 0.027078 0.025906
0 0.772336 0.571172 0.024547 0.026125
