0 0.155844 0.421250 0.035000 0.034219
0 0.105563 0.722156 0.041250 0.038312
0 0.416898 0.597828 0.049203 0.041000
0 0.974711 0.680602 0.050141 0.048547
0 0.804172 0.484313 0.044656 0.044563
0 0.767953 0.760297 0.043594 0.041219
0 0.841633 0.635805 0.041891 0.043609
0 0.147758 0.885695 0.058422 0.051609
0 0.159133 0.807938 0.042109 0.040219
0 0.965828 0.782070 0.048875 0.041359
0 0.265828 0.204836 0.052156 0.058453
0 0.972727 0.732852 0.053984 0.051734
0 0.122805 0.633234 0.055984 0.043031
0 0.168367 0.225984 0.044984 0.050906
0 0.159766 0.374109 0.040375 0.038531
0 0.438539 0.420859 0.060016 0.054219
0 0.490805 0.147484 0.042828 0.047469
0 0.365656 0.970711 0.051313 0.051766
0 0.602617 0.332656 0.052078 0.052750
0 0.390570 0.760750 0.053109 0.044844
0 0.217242 0.217578 0.044453 0.056125
0 0.660297 0.401281 0.056125 0.045906
0 0.100625 0.770023 0.046500 0.041484
0 0.346445 0.648859 0.051547 0.042844
0 0.803445 0.397414 0.053828 0.044859
0 0.954055 0.023797 0.043297 0.047188
0 0.081500 0.182719 0.047844 0.052844
0 0.069297 0.249062 0.039031 0.040656
0 0.858961 0.467258 0.042359 0.042547
0 0.321500 0.847180 0.046031 0.037359
0 0.401891 0.171586 0.048062 0.061578
0 0.435711 0.473711 0.056203 0.049828
0 0.676336 0.098039 0.050141 0.056172
0 0.961320 0.830375 0.042297 0.042188
0 0.545766 0.833492 0.051813 0.047109
0 0.665680 0.308102 0.040672 0.038797
0 0.575977 0.598570 0.043109 0.041172
0 0.646664 0.495797 0.038891 0.037406
0 0.276242 0.135844 0.048922 0.058406
0 0.981000 0.630078 0.037594 0.042750
0 0.080016 0.896234 0.045469 0.044187
0 0.739961 0.937656 0.040172 0.037719
0 0.940008 0.975125 0.051797 0.049125
0 0.829609 0.712945 0.039938 0.038172
0 0.111664 0.029687 0.053203 0.059375
0 0.821953 0.052797 0.052250 0.051344
0 0.208312 0.406242 0.052250 0.045984
0 0.308680 0.937211 0.043016 0.038203
0 0.160320 0.024359 0.046234 0.048719
0 0.388586 0.349969 0.066578 0.067781
0 0.587297 0.960438 0.052281 0.045531
0 0.178633 0.658359 0.040391 0.034063
0 0.537039 0.137328 0.037328 0.041094
0 0.170648 0.704539 0.042016 0.043172
0 0.030742 0.189211 0.045328 0.050109
0 0.022289 0.262664 0.038984 0.040422
0 0.371766 0.881727 0.044000 0.038203
0 0.541391 0.073398 0.047187 0.051047
0 0.215438 0.361328 0.036156 0.035594
0 0.795211 0.564977 0.040047 0.035797
0 0.122711 0.236359 0.036359 0.037469
0 0.641430 0.586859 0.048172 0.043125
0 0.567734 0.737211 0.041781 0.035891
0 0.599516 0.873367 0.036844 0.032453
0 0.594328 0.912227 0.039625 0.034734
0 0.729438 0.021789 0.043969 0.043578
0 0.875906 0.249680 0.050906 0.041734
0 0.365266 0.114820 0.054625 0.064234
0 0.357672 0.185977 0.040594 0.048422
0 0.573055 0.647414 0.035328 0.032734
0 0.317422 0.197195 0.043438 0.046641
0 0.863414 0.422031 0.031984 0.030938
0 0.811320 0.832648 0.031141 0.032016
0 0.627437 0.109398 0.039938 0.043203
0 0.947492 0.925930 0.050922 0.046484
0 0.405906 0.676320 0.052469 0.042984
0 0.407883 0.635039 0.045203 0.033609
0 0.568367 0.689633 0.038359 0.036047
0 0.315828 0.890078 0.043750 0.040563
0 0.874656 0.336625 0.053156 0.047406
0 0.607539 0.286172 0.045172 0.040000
0 0.449242 0.340062 0.046547 0.047375
0 0.634102 0.636297 0.054047 0.040437
0 0.365422 0.923289 0.036656 0.030703
0 0.142609 0.506523 0.046125 0.041578
0 0.379437 0.443352 0.041000 0.041859
0 0.168570 0.756789 0.038984 0.037703
0 0.196813 0.535141 0.053000 0.047406
0 0.777133 0.015695 0.046453 0.031172
0 0.878781 0.208984 0.039625 0.033844
0 0.394219 0.716187 0.040437 0.034531
0 0.587945 0.551016 0.046391 0.043781
0 0.847766 0.552430 0.034438 0.030734
0 0.953766 0.879398 0.044500 0.042047
0 0.871406 0.379812 0.039656 0.038625
0 0.559219 0.783687 0.038156 0.033062
0 0.357578 0.566695 0.045125 0.043172
0 0.984414 0.579461 0.031172 0.041828
0 0.733516 0.981133 0.050375 0.036109
0 0.823852 0.751109 0.038828 0.033531
0 0.979047 0.377250 0.041031 0.063937
0 0.374031 0.489938 0.048969 0.042000
0 0.096867 0.815320 0.039453 0.038422
0 0.421055 0.555383 0.041672 0.032828
0 0.750523 0.889797 0.035078 0.031625
0 0.911180 0.035250 0.037203 0.043438
0 0.784250 0.649008 0.032625 0.032984
0 0.771687 0.068695 0.040813 0.049047
0 0.301297 0.977203 0.034531 0.032844
0 0.201156 0.449203 0.045562 0.038938
0 0.132312 0.547664 0.050125 0.042109
0 0.817063 0.271047 0.045844 0.037531
0 0.341273 0.691227 0.045328 0.038547
0 0.643531 0.538492 0.044344 0.034484
0 0.189500 0.615211 0.034750 0.030109
0 0.227977 0.144945 0.048641 0.062109
0 0.602875 0.820945 0.037719 0.033203
0 0.653367 0.448164 0.036547 0.032891
0 0.807281 0.875672 0.031125 0.031750
0 0.116945 0.677633 0.042891 0.037203
0 0.985297 0.524906 0.029063 0.044281
0 0.450742 0.095953 0.034641 0.038281
0 0.210312 0.016469 0.040250 0.032656
0 0.021477 0.044617 0.042953 0.063922
0 0.429641 0.519430 0.038906 0.032859
0 0.066375 0.035695 0.048156 0.055828
0 0.145313 0.468250 0.042875 0.039250
0 0.875750 0.293875 0.052437 0.040969
0 0.323453 0.808297 0.042469 0.031094
0 0.842508 0.590844 0.030953 0.028344
0 0.069812 0.937070 0.042000 0.035297
0 0.798625 0.920094 0.027812 0.026625
0 0.853484 0.509680 0.028969 0.029953
0 0.333180 0.732102 0.039609 0.033203
0 0.796508 0.968445 0.038891 0.038984
0 0.382742 0.801539 0.043672 0.038734
0 0.063109 0.978781 0.043156 0.040594
0 0.754164 0.846813 0.029547 0.031000
0 0.349016 0.607453 0.038563 0.032531
0 0.375359 0.841594 0.048500 0.043094
0 0.618109 0.726687 0.033406 0.032219
0 0.594477 0.417898 0.053516 0.043109
0 0.778617 0.689859 0.028859 0.025938
0 0.804273 0.438680 0.031266 0.028797
0 0.328766 0.770461 0.038563 0.033391
0 0.664563 0.354008 0.046781 0.041891
0 0.822773 0.790453 0.037641 0.030906
0 0.133273 0.588109 0.058016 0.048469
0 0.086586 0.854852 0.039797 0.032734
0 0.722836 0.076969 0.036484 0.035656
0 0.789719 0.606062 0.033594 0.028594
0 0.321383 0.126680 0.042078 0.050391
0 0.540828 0.884609 0.031188 0.032062
0 0.130242 0.924148 0.030359 0.028172
0 0.524750 0.980562 0.035031 0.032031
0 0.775750 0.724047 0.029156 0.026500
0 0.619211 0.675477 0.033391 0.031359
0 0.588047 0.121102 0.036156 0.036484
0 0.796406 0.522781 0.027469 0.025938
0 0.362992 0.525438 0.040484 0.032375
0 0.494750 0.086836 0.036094 0.038484
0 0.193648 0.575273 0.035172 0.030891
0 0.532750 0.925062 0.025156 0.027531
0 0.817664 0.232758 0.030547 0.028328
0 0.443648 0.159094 0.026141 0.028625
0 0.179398 0.149508 0.037984 0.046266
0 0.815398 0.312438 0.043609 0.037312
0 0.131594 0.164406 0.034656 0.036906
0 0.258195 0.016648 0.045703 0.033047
0 0.413711 0.101016 0.036922 0.038531
0 0.674547 0.028781 0.054563 0.044937
0 0.369562 0.401984 0.070625 0.043344
