0 0.621992 0.888422 0.031641 0.034781
0 0.108148 0.801281 0.043609 0.038219
0 0.091992 0.628164 0.041359 0.039422
0 0.367992 0.596320 0.045391 0.042266
0 0.357133 0.409781 0.044516 0.039031
0 0.182500 0.859664 0.042562 0.037391
0 0.346867 0.273727 0.043141 0.037859
0 0.373031 0.684406 0.041625 0.039906
0 0.124570 0.273422 0.038422 0.038531
0 0.053484 0.072906 0.039125 0.036000
0 0.321211 0.757188 0.041609 0.040625
0 0.524648 0.034352 0.038141 0.044047
0 0.340203 0.186133 0.037656 0.039359
0 0.172383 0.770836 0.039891 0.035266
0 0.348781 0.362336 0.043562 0.037141
0 0.280273 0.173773 0.046484 0.042234
0 0.355297 0.455914 0.036781 0.036672
0 0.280422 0.086828 0.039062 0.036875
0 0.369688 0.548328 0.044500 0.035562
0 0.302242 0.437383 0.036797 0.036516
0 0.119000 0.845984 0.035844 0.032344
0 0.188000 0.909563 0.034219 0.037594
0 0.322953 0.800859 0.034063 0.031250
0 0.326883 0.847375 0.034484 0.034719
0 0.124234 0.321375 0.038219 0.034719
0 0.287250 0.300023 0.044125 0.039547
0 0.334937 0.056484 0.044687 0.037406
0 0.293438 0.345570 0.033750 0.033672
0 0.318719 0.709219 0.034781 0.031906
0 0.125828 0.364625 0.035375 0.031437
0 0.130023 0.410297 0.037078 0.031688
0 0.064148 0.300375 0.036891 0.036437
0 0.480102 0.029789 0.045234 0.055078
0 0.347336 0.319445 0.040109 0.034609
0 0.059969 0.211031 0.037906 0.033781
0 0.093578 0.671234 0.033812 0.031969
0 0.059914 0.252812 0.041703 0.036969
0 0.387039 0.871773 0.033609 0.032547
0 0.334617 0.940031 0.032516 0.030187
0 0.337914 0.102320 0.040922 0.037891
0 0.167000 0.728625 0.035563 0.031656
0 0.101008 0.716781 0.031484 0.031031
0 0.121453 0.224258 0.037312 0.034859
0 0.310625 0.574719 0.038969 0.036594
0 0.362648 0.504438 0.044047 0.038125
0 0.860594 0.949477 0.045656 0.049891
0 0.223836 0.063039 0.041891 0.043891
0 0.306266 0.528789 0.033531 0.032172
0 0.294063 0.391383 0.035375 0.030422
0 0.058625 0.116984 0.037844 0.033313
0 0.066828 0.385789 0.034031 0.032172
0 0.923633 0.738383 0.034609 0.037578
0 0.117953 0.136453 0.036000 0.036937
0 0.975484 0.316602 0.047125 0.049109
0 0.906711 0.683641 0.040547 0.042906
0 0.112781 0.048445 0.040156 0.035766
0 0.059602 0.163320 0.039828 0.038891
0 0.309531 0.619945 0.034000 0.032859
0 0.630961 0.469602 0.040359 0.040547
0 0.307109 0.664078 0.033781 0.029750
0 0.395609 0.958305 0.028281 0.029391
0 0.331562 0.014813 0.032500 0.028906
0 0.981516 0.946937 0.036156 0.049906
0 0.129508 0.890180 0.039391 0.032641
0 0.064883 0.346773 0.031859 0.028328
0 0.306461 0.488250 0.032484 0.032719
0 0.278703 0.040109 0.031813 0.032344
0 0.179797 0.814094 0.030906 0.029687
0 0.086109 0.581711 0.049531 0.038016
0 0.068773 0.439391 0.039328 0.033500
0 0.126625 0.453922 0.036375 0.033812
0 0.372969 0.637312 0.032813 0.029219
0 0.515789 0.464633 0.031703 0.032734
0 0.331578 0.896953 0.030563 0.029531
0 0.109266 0.759398 0.028312 0.027672
0 0.379172 0.777273 0.047656 0.045203
0 0.163109 0.687547 0.030812 0.032969
0 0.590906 0.095141 0.045406 0.052969
0 0.387711 0.913883 0.038047 0.032828
0 0.336984 0.146125 0.036406 0.031781
0 0.734781 0.889508 0.035750 0.035422
0 0.981656 0.687727 0.035469 0.037703
0 0.151633 0.641242 0.038328 0.036234
0 0.562078 0.950680 0.032500 0.034703
0 0.584258 0.884594 0.029766 0.034500
0 0.345719 0.229852 0.034437 0.033453
0 0.679922 0.676922 0.031937 0.035344
0 0.339508 0.984609 0.029891 0.029875
0 0.194281 0.950562 0.029969 0.028594
0 0.659133 0.888820 0.026359 0.031734
0 0.517391 0.234938 0.031438 0.036219
0 0.139625 0.982938 0.033594 0.030906
0 0.804359 0.737148 0.034844 0.040203
0 0.147414 0.591219 0.038047 0.035438
0 0.916742 0.259914 0.037953 0.039234
0 0.554977 0.237273 0.031234 0.034734
0 0.596281 0.676516 0.032500 0.032187
0 0.135422 0.939289 0.042594 0.039234
0 0.842211 0.896758 0.039141 0.043078
0 0.394672 0.991898 0.032656 0.015203
0 0.115133 0.182961 0.034016 0.032859
0 0.843906 0.739367 0.034938 0.038422
0 0.699469 0.733617 0.034438 0.034234
0 0.718789 0.678766 0.034234 0.034750
0 0.835203 0.257312 0.036219 0.038500
0 0.568797 0.037141 0.040594 0.046344
0 0.600320 0.948070 0.030828 0.032141
0 0.531328 0.528352 0.028906 0.028797
0 0.882531 0.739227 0.030094 0.034578
0 0.775125 0.889813 0.032125 0.037594
0 0.782016 0.531672 0.035219 0.041594
0 0.694016 0.891070 0.028937 0.032766
0 0.927445 0.889680 0.031922 0.035516
0 0.114320 0.095367 0.035047 0.029984
0 0.277797 0.127789 0.035000 0.032047
0 0.570375 0.288367 0.026625 0.031172
0 0.573859 0.527469 0.033781 0.036313
0 0.943219 0.536633 0.031406 0.037703
0 0.738891 0.034477 0.037219 0.047891
0 0.696344 0.038297 0.038187 0.038812
0 0.884914 0.476906 0.030203 0.032656
0 0.956531 0.263367 0.034156 0.035891
0 0.616516 0.534672 0.033188 0.034375
0 0.982078 0.538664 0.034281 0.044172
0 0.885375 0.894750 0.036594 0.039187
0 0.820586 0.526930 0.031078 0.035234
0 0.289750 0.254945 0.037969 0.026922
0 0.900758 0.949758 0.033297 0.046516
0 0.291898 0.217312 0.039828 0.033438
0 0.662492 0.530102 0.029453 0.032422
0 0.534484 0.287164 0.025938 0.028609
0 0.670641 0.948648 0.026875 0.027766
0 0.712734 0.947305 0.017906 0.019703
0 0.789758 0.946859 0.030453 0.033125
0 0.809914 0.893117 0.033141 0.045672
0 0.655414 0.733242 0.046578 0.037609
0 0.568977 0.728320 0.043891 0.040297
0 0.526883 0.679055 0.040297 0.031359
0 0.846187 0.308703 0.034031 0.037625
0 0.887836 0.311836 0.027766 0.036734
0 0.763789 0.306914 0.042984 0.035828
0 0.809016 0.313625 0.025969 0.031344
0 0.652727 0.303773 0.037609 0.024172
0 0.676906 0.244664 0.037625 0.034922
0 0.719898 0.254516 0.034047 0.036719
0 0.759305 0.253617 0.037609 0.027766
0 0.796922 0.253164 0.021500 0.030453
0 0.604359 0.241531 0.035813 0.028656
0 0.638836 0.090609 0.033141 0.025969
0 0.680047 0.089711 0.025969 0.029547
0 0.719898 0.087023 0.025078 0.027766
0 0.765133 0.096430 0.038516 0.048359
0 0.805883 0.098227 0.025078 0.025078
0 0.845734 0.098664 0.031344 0.033141
0 0.898141 0.108070 0.039406 0.035828
0 0.788414 0.035969 0.040297 0.042094
0 0.834094 0.027016 0.049250 0.047469
0 0.879750 0.032391 0.034875 0.045688
0 0.925898 0.043586 0.053734 0.048359
0 0.945602 0.112555 0.041203 0.041203
0 0.970688 0.049406 0.039406 0.036719
0 0.897242 0.530820 0.030453 0.041203
0 0.861859 0.530828 0.025969 0.032250
0 0.839914 0.474852 0.030453 0.033141
0 0.800953 0.467227 0.034937 0.019703
0 0.794687 0.682633 0.043875 0.027766
