0 0.050930 0.640477 0.033828 0.039859
0 0.393961 0.787555 0.040203 0.041703
0 0.648461 0.771492 0.030328 0.031953
0 0.110875 0.341039 0.041750 0.049203
0 0.174352 0.648625 0.045328 0.044187
0 0.025422 0.298156 0.045688 0.049719
0 0.844344 0.906906 0.046344 0.052063
0 0.479148 0.923016 0.042172 0.048969
0 0.190734 0.731766 0.047688 0.053750
0 0.370437 0.851336 0.046594 0.051016
0 0.152570 0.711641 0.042266 0.049031
0 0.968977 0.923578 0.048734 0.055469
0 0.693641 0.789430 0.048438 0.056797
0 0.330742 0.828023 0.046047 0.049109
0 0.390937 0.529570 0.054937 0.061172
0 0.145664 0.974008 0.051578 0.050922
0 0.287000 0.461875 0.045219 0.048625
0 0.077805 0.938688 0.049578 0.059219
0 0.032398 0.914453 0.048266 0.060844
0 0.408070 0.602758 0.042859 0.048047
0 0.726805 0.824984 0.045859 0.049375
0 0.581133 0.725195 0.040234 0.041359
0 0.674273 0.713359 0.055422 0.071312
0 0.896312 0.868594 0.039906 0.044906
0 0.273602 0.974906 0.051078 0.049313
0 0.017750 0.621523 0.035281 0.050641
0 0.880445 0.928750 0.045359 0.052094
0 0.162391 0.450445 0.041844 0.046953
0 0.744992 0.766664 0.041703 0.049828
0 0.784469 0.793109 0.041438 0.048594
0 0.427164 0.812258 0.042141 0.046047
0 0.759297 0.855516 0.050031 0.053094
0 0.953289 0.980172 0.042891 0.038469
0 0.321953 0.744625 0.037625 0.041250
0 0.568477 0.895609 0.040922 0.046125
0 0.914523 0.959570 0.039828 0.043891
0 0.107453 0.596734 0.041406 0.046125
0 0.067695 0.319195 0.050984 0.062359
0 0.799664 0.877437 0.034828 0.040031
0 0.545758 0.963758 0.052422 0.066922
0 0.094227 0.863430 0.037047 0.038266
0 0.635227 0.692133 0.040359 0.045766
0 0.665094 0.968898 0.037406 0.044359
0 0.145453 0.372273 0.038625 0.039453
0 0.211875 0.671164 0.035656 0.038828
0 0.039109 0.552422 0.037813 0.043125
0 0.052883 0.843969 0.037266 0.044844
0 0.231281 0.752578 0.036875 0.041562
0 0.931398 0.894844 0.033609 0.039219
0 0.082945 0.664219 0.034859 0.034906
0 0.120805 0.428312 0.035047 0.043063
0 0.577680 0.982625 0.034922 0.033375
0 0.635195 0.941094 0.044109 0.051688
0 0.701305 0.982992 0.036891 0.032391
0 0.134523 0.887445 0.038078 0.037484
0 0.819344 0.821539 0.036281 0.038453
0 0.083523 0.405125 0.052328 0.066406
0 0.073211 0.574609 0.039016 0.045250
0 0.560344 0.643961 0.040188 0.043703
0 0.855898 0.841359 0.032797 0.033469
0 0.024250 0.360484 0.039281 0.044750
0 0.114289 0.952133 0.037672 0.045078
0 0.200102 0.925977 0.040516 0.043266
0 0.013258 0.531914 0.026453 0.052328
0 0.602609 0.916531 0.031375 0.035062
0 0.015516 0.813938 0.029656 0.032250
0 0.614461 0.989508 0.036047 0.020047
0 0.238625 0.953250 0.031187 0.035969
0 0.170875 0.391500 0.041969 0.034781
