0 0.330898 0.494945 0.025016 0.027234
0 0.757156 0.879375 0.057281 0.062125
0 0.888570 0.878039 0.052734 0.057266
0 0.893445 0.483609 0.054734 0.053969
0 0.783094 0.494586 0.054562 0.054609
0 0.894148 0.614055 0.053516 0.051203
0 0.526227 0.536063 0.034828 0.034125
0 0.514445 0.849031 0.031703 0.032219
0 0.127312 0.756492 0.034875 0.034422
0 0.074352 0.773781 0.032859 0.032875
0 0.462953 0.760109 0.033375 0.032781
0 0.145531 0.576281 0.032344 0.032281
0 0.062641 0.824383 0.032188 0.034047
0 0.471859 0.661937 0.031625 0.031687
0 0.152586 0.484523 0.034391 0.031547
0 0.053500 0.914516 0.040562 0.035094
0 0.094172 0.545492 0.032531 0.030828
0 0.120281 0.806680 0.032937 0.031922
0 0.099211 0.363555 0.035953 0.032109
0 0.139266 0.618500 0.031719 0.032750
0 0.095609 0.406938 0.031375 0.032938
0 0.457766 0.812023 0.032125 0.030547
0 0.300945 0.960445 0.031016 0.030328
0 0.089500 0.590227 0.032406 0.030422
0 0.052484 0.960008 0.036937 0.033328
0 0.322195 0.639148 0.029859 0.029453
0 0.151906 0.390844 0.030812 0.031406
0 0.460125 0.866578 0.029094 0.028500
0 0.084641 0.679875 0.033562 0.029750
0 0.522203 0.691375 0.028688 0.028375
0 0.132984 0.709922 0.031625 0.030094
0 0.077422 0.728453 0.031500 0.029750
0 0.466344 0.711828 0.031438 0.032000
0 0.091430 0.639883 0.029922 0.029953
0 0.511492 0.945836 0.027797 0.029203
0 0.135141 0.665359 0.028812 0.027813
0 0.305945 0.914664 0.030641 0.030578
0 0.245336 0.839953 0.027922 0.028250
0 0.521445 0.741445 0.027641 0.028047
0 0.488922 0.508039 0.030469 0.035016
0 0.256469 0.704109 0.030313 0.028937
0 0.453719 0.971125 0.028438 0.029937
0 0.241547 0.934062 0.026781 0.028875
0 0.117672 0.851141 0.028906 0.030594
0 0.093477 0.499609 0.026359 0.030781
0 0.253203 0.745641 0.026437 0.026719
0 0.153570 0.530094 0.027578 0.025625
0 0.290297 0.425078 0.029781 0.033062
0 0.056648 0.870852 0.034391 0.029172
0 0.279016 0.566062 0.029156 0.028531
0 0.458219 0.919500 0.026031 0.027281
0 0.474055 0.610102 0.028891 0.029953
0 0.529094 0.642523 0.029469 0.030766
0 0.096328 0.454695 0.028813 0.027984
0 0.316211 0.684164 0.028359 0.029297
0 0.152500 0.438430 0.027875 0.029859
0 0.515062 0.900313 0.027875 0.025938
0 0.152555 0.347969 0.029078 0.030969
0 0.306906 0.870703 0.030406 0.030469
0 0.518820 0.795070 0.024516 0.026984
0 0.530844 0.593445 0.022875 0.024641
0 0.284156 0.518203 0.027469 0.025562
0 0.244750 0.888125 0.026562 0.027969
0 0.341867 0.447016 0.031828 0.032094
0 0.113547 0.894484 0.031219 0.028250
0 0.328336 0.540992 0.027516 0.029766
0 0.249305 0.792625 0.027297 0.025594
0 0.482883 0.559633 0.029797 0.035078
0 0.309531 0.815789 0.028875 0.028203
0 0.116625 0.941977 0.027500 0.027359
0 0.286313 0.472531 0.029719 0.028531
0 0.341977 0.357125 0.036141 0.037437
0 0.267687 0.610727 0.027125 0.027891
0 0.321305 0.592805 0.024703 0.025234
0 0.313336 0.769867 0.029734 0.027484
0 0.320219 0.727797 0.028344 0.027875
0 0.769242 0.985766 0.052609 0.026969
0 0.109297 0.983109 0.029750 0.029656
0 0.242430 0.981328 0.026266 0.024594
0 0.266430 0.657055 0.024641 0.027109
0 0.107437 0.325594 0.030937 0.029000
0 0.283203 0.372930 0.031469 0.033672
0 0.346086 0.402195 0.027422 0.028328
0 0.888617 0.991141 0.060672 0.016406
