0 0.854531 0.330758 0.037625 0.034797
0 0.157789 0.522563 0.047172 0.043469
0 0.211758 0.070172 0.055641 0.046625
0 0.141172 0.661000 0.042000 0.036469
0 0.220258 0.455805 0.040109 0.036266
0 0.859125 0.201430 0.040563 0.036297
0 0.773266 0.899625 0.034063 0.035500
0 0.430570 0.187000 0.038141 0.034250
0 0.873992 0.072398 0.034484 0.033234
0 0.381039 0.622492 0.036922 0.032266
0 0.386758 0.537594 0.034109 0.033781
0 0.399742 0.401438 0.034797 0.034062
0 0.251953 0.186227 0.035906 0.032703
0 0.821172 0.592289 0.038562 0.038109
0 0.386336 0.073609 0.036516 0.033875
0 0.190758 0.250555 0.038922 0.035609
0 0.836602 0.464750 0.032609 0.030250
0 0.020563 0.112570 0.038937 0.038609
0 0.757125 0.693906 0.035344 0.033281
0 0.810289 0.133172 0.033484 0.033344
0 0.985266 0.660719 0.029281 0.035125
0 0.374172 0.664953 0.036469 0.031687
0 0.239141 0.321781 0.035219 0.031406
0 0.148047 0.614328 0.038844 0.032656
0 0.861430 0.246359 0.032109 0.031031
0 0.862852 0.159031 0.033828 0.031625
0 0.250328 0.229500 0.035562 0.031281
0 0.149852 0.572094 0.034984 0.030563
0 0.849102 0.378984 0.037547 0.040469
0 0.164211 0.956188 0.038391 0.038562
0 0.307750 0.775469 0.033594 0.032125
0 0.121797 0.837938 0.032000 0.031594
0 0.405266 0.356086 0.035250 0.032516
0 0.184273 0.342898 0.039609 0.036797
0 0.268477 0.050008 0.036766 0.035172
0 0.193320 0.680312 0.038609 0.036062
0 0.186625 0.772008 0.033531 0.028609
0 0.215719 0.501258 0.040469 0.033422
0 0.299531 0.875141 0.032125 0.030844
0 0.817664 0.088023 0.034391 0.033984
0 0.825688 0.549852 0.031969 0.030016
0 0.208164 0.549195 0.033234 0.029891
0 0.785937 0.439703 0.032437 0.030688
0 0.438172 0.052922 0.036250 0.034844
0 0.327633 0.599469 0.034828 0.033063
0 0.959016 0.840695 0.031219 0.031234
0 0.262680 0.143063 0.034797 0.030375
0 0.361688 0.805867 0.034906 0.033547
0 0.751250 0.736406 0.033812 0.030438
0 0.432211 0.101594 0.031891 0.029094
0 0.361070 0.904219 0.031578 0.028563
0 0.389430 0.488398 0.033828 0.031078
0 0.183273 0.725398 0.033703 0.033547
0 0.203586 0.159570 0.031609 0.031453
0 0.111937 0.924328 0.032156 0.030625
0 0.775742 0.524633 0.032453 0.029891
0 0.194398 0.207797 0.035578 0.029937
0 0.787281 0.395656 0.032562 0.032656
0 0.850031 0.422086 0.030219 0.030547
0 0.802500 0.764555 0.031156 0.029516
0 0.814492 0.640289 0.033141 0.030516
0 0.408687 0.314180 0.029937 0.029797
0 0.360391 0.293828 0.034219 0.035750
0 0.795836 0.811461 0.033578 0.032734
0 0.313625 0.735086 0.030875 0.029547
0 0.745227 0.780703 0.034047 0.033500
0 0.169453 0.908273 0.033719 0.029984
0 0.864734 0.116719 0.032719 0.031125
0 0.298406 0.921672 0.030594 0.030281
0 0.349680 0.986609 0.035609 0.026781
0 0.859406 0.287359 0.029656 0.028875
0 0.243430 0.275672 0.033609 0.030375
0 0.171609 0.435344 0.030687 0.030187
0 0.384398 0.581555 0.029953 0.026672
0 0.784883 0.352328 0.030609 0.028781
0 0.765781 0.951305 0.030250 0.030734
0 0.832547 0.507625 0.032469 0.030750
0 0.814523 0.679414 0.032359 0.027234
0 0.324250 0.641422 0.028938 0.027313
0 0.227172 0.411102 0.034406 0.030359
0 0.372180 0.709570 0.028391 0.029453
0 0.413711 0.270320 0.030703 0.029297
0 0.127758 0.790188 0.030109 0.028656
0 0.358922 0.853117 0.030187 0.028266
0 0.202703 0.591211 0.030688 0.028391
0 0.337250 0.509922 0.030563 0.030281
0 0.175813 0.859039 0.033531 0.031078
0 0.355172 0.377609 0.032844 0.029719
0 0.791953 0.307016 0.034562 0.032687
0 0.348836 0.423172 0.029484 0.028625
0 0.443961 0.013094 0.032234 0.025844
0 0.351438 0.946547 0.032219 0.028156
0 0.763203 0.610352 0.030719 0.031672
0 0.396516 0.445109 0.028656 0.027937
0 0.953313 0.885953 0.026687 0.028375
0 0.806219 0.719875 0.031781 0.031063
0 0.319148 0.687875 0.028953 0.031062
0 0.359453 0.335203 0.027438 0.027000
0 0.129258 0.749070 0.032328 0.030609
0 0.430945 0.143195 0.028922 0.030672
0 0.176414 0.389102 0.033641 0.031547
0 0.369406 0.244844 0.025594 0.025844
0 0.180414 0.810609 0.031922 0.029844
0 0.195719 0.639852 0.026937 0.027016
0 0.267656 0.099336 0.033750 0.031391
0 0.710258 0.967047 0.031391 0.030719
0 0.220078 0.027461 0.029188 0.028016
0 0.797914 0.218789 0.030328 0.029266
0 0.343664 0.465609 0.030328 0.029000
0 0.366250 0.759547 0.027219 0.029312
0 0.333352 0.554117 0.027047 0.027547
0 0.375008 0.209055 0.029641 0.028016
0 0.727734 0.873133 0.028844 0.030922
0 0.879156 0.026078 0.035531 0.032875
0 0.953195 0.932406 0.029016 0.028937
0 0.802508 0.175547 0.028266 0.028750
0 0.301625 0.826633 0.029906 0.028766
0 0.165477 0.475398 0.029984 0.029234
0 0.209758 0.116461 0.030016 0.026797
0 0.190547 0.297406 0.028781 0.029125
0 0.739281 0.828633 0.027531 0.028453
0 0.393313 0.027906 0.026563 0.027625
0 0.948633 0.981266 0.031078 0.027844
0 0.720172 0.918477 0.027656 0.025578
0 0.783875 0.860852 0.034438 0.031297
0 0.015930 0.159359 0.029234 0.030500
0 0.116430 0.881219 0.029141 0.026938
0 0.106141 0.970812 0.032156 0.030000
0 0.294867 0.966812 0.026047 0.025781
0 0.780383 0.480352 0.027328 0.027578
0 0.134680 0.701523 0.027766 0.026141
0 0.228844 0.364703 0.029125 0.029531
0 0.767539 0.565930 0.026859 0.027641
0 0.381023 0.163336 0.027016 0.028516
0 0.966648 0.797469 0.032234 0.029406
0 0.025000 0.014297 0.031313 0.027250
0 0.419773 0.226398 0.027203 0.026703
0 0.024211 0.064523 0.028203 0.026922
0 0.156438 0.991836 0.029406 0.015922
0 0.758031 0.652688 0.025125 0.025219
0 0.273219 0.012273 0.030437 0.023953
0 0.007500 0.339836 0.015000 0.035328
0 0.990461 0.561539 0.019078 0.036547
0 0.009297 0.294813 0.018594 0.035469
0 0.011828 0.208023 0.023656 0.033109
0 0.754672 0.988594 0.031438 0.021500
0 0.010719 0.254141 0.021438 0.036000
0 0.386109 0.124109 0.038375 0.022781
0 0.828547 0.043180 0.026375 0.033578
