0 0.155523 0.057945 0.050297 0.049766
0 0.264516 0.106805 0.054219 0.050172
0 0.131406 0.234453 0.043469 0.038375
0 0.160289 0.948047 0.039547 0.037406
0 0.259680 0.671477 0.042328 0.038891
0 0.331922 0.185266 0.055063 0.046438
0 0.057391 0.382461 0.055406 0.047891
0 0.253625 0.199328 0.048937 0.042031
0 0.148547 0.109047 0.055625 0.046000
0 0.209305 0.558016 0.040516 0.034375
0 0.233547 0.424625 0.042875 0.040656
0 0.072266 0.128984 0.062156 0.061094
0 0.218820 0.512586 0.041859 0.037297
0 0.095437 0.497719 0.044906 0.041625
0 0.197383 0.687102 0.039891 0.037297
0 0.306234 0.408133 0.039938 0.041766
0 0.046359 0.819523 0.040406 0.037766
0 0.270562 0.585977 0.040250 0.037766
0 0.028680 0.510836 0.041016 0.038609
0 0.072320 0.208891 0.059234 0.050469
0 0.080586 0.081578 0.063078 0.052250
0 0.112734 0.411227 0.043281 0.039703
0 0.185039 0.771789 0.047891 0.044016
0 0.237586 0.375836 0.043734 0.040328
0 0.064852 0.336570 0.040234 0.035766
0 0.296703 0.460055 0.038906 0.037391
0 0.326477 0.232641 0.046984 0.041844
0 0.248047 0.287125 0.047344 0.039688
0 0.207508 0.601359 0.039984 0.037156
0 0.120711 0.322937 0.045078 0.042563
0 0.171148 0.900500 0.033547 0.035906
0 0.200875 0.644813 0.036531 0.034719
0 0.232086 0.887039 0.035984 0.036672
0 0.315578 0.315039 0.043000 0.040422
0 0.221047 0.976734 0.033969 0.034688
0 0.143852 0.150305 0.052516 0.045109
0 0.087742 0.034500 0.042422 0.039250
0 0.062391 0.664055 0.048500 0.041672
0 0.050734 0.777539 0.039250 0.035297
0 0.309992 0.359672 0.032297 0.030875
0 0.156133 0.986359 0.042391 0.026875
0 0.259063 0.152594 0.050625 0.043156
0 0.337250 0.136375 0.033875 0.030812
0 0.065047 0.622039 0.035594 0.031453
0 0.173016 0.851898 0.041281 0.034797
0 0.348531 0.013328 0.046719 0.026375
0 0.039609 0.465367 0.036312 0.036234
0 0.085461 0.536367 0.041859 0.037891
0 0.037797 0.902836 0.035937 0.030953
0 0.250344 0.716141 0.033875 0.031875
0 0.319898 0.273359 0.033766 0.030313
0 0.247125 0.754344 0.033094 0.028656
0 0.252086 0.243617 0.039328 0.035203
0 0.240516 0.837266 0.040281 0.035937
0 0.265508 0.060617 0.037828 0.032922
0 0.125453 0.279008 0.046906 0.040297
0 0.044648 0.861516 0.032953 0.032625
0 0.262297 0.631617 0.032969 0.028078
0 0.190969 0.728187 0.027937 0.028250
0 0.048281 0.423234 0.038937 0.033469
0 0.066727 0.291961 0.038203 0.032172
0 0.053125 0.737000 0.039969 0.034719
0 0.242461 0.330305 0.035953 0.032109
0 0.138500 0.193086 0.038281 0.032172
0 0.071852 0.250680 0.053016 0.043641
0 0.113773 0.365688 0.035016 0.032594
0 0.341898 0.093125 0.039266 0.036031
0 0.224242 0.470336 0.032328 0.030578
0 0.058242 0.704406 0.028891 0.026031
0 0.241656 0.797250 0.027906 0.029188
0 0.104383 0.451266 0.040453 0.033812
0 0.344195 0.047953 0.031984 0.029969
0 0.278500 0.541203 0.029781 0.029094
0 0.225953 0.934305 0.026656 0.028109
0 0.012789 0.636680 0.024984 0.038578
0 0.269867 0.021812 0.038328 0.034125
0 0.014953 0.591117 0.028281 0.033172
0 0.021563 0.550367 0.027844 0.026828
0 0.034031 0.941773 0.050250 0.043547
0 0.282992 0.500586 0.026047 0.027172
0 0.075242 0.580852 0.029578 0.025016
0 0.029695 0.978914 0.054516 0.041828
0 0.010187 0.677695 0.020375 0.037672
0 0.005625 0.716039 0.011250 0.026922
