0 0.169094 0.772305 0.056438 0.067734
0 0.308219 0.873258 0.052687 0.053328
0 0.295664 0.778789 0.063641 0.068734
0 0.372687 0.919750 0.051094 0.058156
0 0.496500 0.944164 0.044281 0.049766
0 0.041297 0.660469 0.037969 0.043187
0 0.317703 0.488125 0.052281 0.054594
0 0.059164 0.950344 0.041891 0.040687
0 0.517234 0.627219 0.045219 0.053937
0 0.297492 0.547016 0.041641 0.050469
0 0.804102 0.963531 0.045141 0.046406
0 0.080070 0.892648 0.045516 0.054891
0 0.050969 0.392875 0.051750 0.062094
0 0.492437 0.689859 0.054250 0.063500
0 0.413836 0.944891 0.046453 0.051969
0 0.108516 0.714211 0.042844 0.043516
0 0.532109 0.972109 0.038000 0.043594
0 0.121703 0.434703 0.043250 0.048438
0 0.432398 0.888766 0.043734 0.042250
0 0.174750 0.393367 0.053031 0.060828
0 0.107539 0.350617 0.040922 0.041172
0 0.394664 0.538391 0.039891 0.044344
0 0.462297 0.584328 0.047719 0.047812
0 0.429328 0.561406 0.042375 0.048313
0 0.374641 0.599984 0.043188 0.047656
0 0.211664 0.417094 0.044984 0.050688
0 0.197188 0.473000 0.046156 0.048281
0 0.250367 0.442195 0.048672 0.051797
0 0.168141 0.679750 0.047969 0.056781
0 0.611406 0.696156 0.055969 0.065125
0 0.733211 0.796570 0.040391 0.043141
0 0.067414 0.600984 0.039297 0.042625
0 0.840492 0.981773 0.056859 0.034828
0 0.905000 0.962992 0.042812 0.043141
0 0.049227 0.867516 0.041328 0.045406
0 0.352852 0.513687 0.038328 0.040813
0 0.553555 0.738664 0.051797 0.056859
0 0.436422 0.978258 0.031469 0.029359
0 0.259398 0.521180 0.036234 0.038672
0 0.030898 0.574219 0.032328 0.037187
0 0.073086 0.327594 0.038328 0.039813
0 0.444484 0.651492 0.055375 0.069141
0 0.670906 0.834359 0.048500 0.058063
0 0.020781 0.358445 0.037531 0.036672
0 0.702797 0.769820 0.039969 0.047453
0 0.229922 0.501523 0.042156 0.046266
0 0.161109 0.452937 0.034125 0.039094
0 0.090063 0.413555 0.046250 0.062297
0 0.408492 0.628555 0.041734 0.055891
0 0.638133 0.807805 0.054672 0.076734
0 0.014508 0.284758 0.028828 0.061016
0 0.010953 0.904148 0.021906 0.051484
0 0.696398 0.860406 0.042266 0.051469
0 0.103883 0.622727 0.034922 0.040797
0 0.137773 0.744766 0.042953 0.045500
0 0.139594 0.943180 0.031094 0.031609
0 0.018016 0.845719 0.034437 0.040687
0 0.335977 0.812797 0.040234 0.056875
0 0.232617 0.735102 0.024984 0.026359
0 0.257594 0.753836 0.027750 0.027734
0 0.204867 0.699039 0.044391 0.026359
0 0.541992 0.653258 0.033297 0.040234
0 0.573203 0.666430 0.029125 0.033297
0 0.640484 0.722625 0.024969 0.031906
0 0.675148 0.746172 0.041578 0.040156
0 0.759109 0.815570 0.029125 0.029141
0 0.727891 0.877305 0.041625 0.030516
0 0.751477 0.896031 0.038859 0.048563
0 0.771594 0.927250 0.037469 0.047156
0 0.840266 0.907828 0.030531 0.036062
0 0.138281 0.642156 0.027750 0.023594
0 0.579445 0.760773 0.030516 0.063828
0 0.609938 0.785047 0.055438 0.056875
