0 0.009680 0.179031 0.019359 0.033813
0 0.013437 0.081156 0.025375 0.026750
0 0.982039 0.766414 0.024297 0.025516
0 0.496219 0.386898 0.044125 0.039672
0 0.010203 0.909633 0.020406 0.032422
0 0.006055 0.680195 0.012109 0.027422
0 0.160008 0.547969 0.041828 0.036562
0 0.504344 0.244977 0.040750 0.039422
0 0.506516 0.196539 0.041969 0.039047
0 0.509703 0.850391 0.040281 0.036781
0 0.567742 0.172445 0.037078 0.034828
0 0.105703 0.522672 0.036906 0.034344
0 0.502180 0.623344 0.038328 0.035625
0 0.166742 0.633547 0.037078 0.032469
0 0.503500 0.669562 0.038250 0.036781
0 0.565891 0.643227 0.038125 0.037016
0 0.564055 0.734344 0.034672 0.033344
0 0.124937 0.923125 0.038281 0.034156
0 0.511750 0.146539 0.037188 0.034609
0 0.127594 0.971430 0.037219 0.033141
0 0.123016 0.189617 0.032750 0.029797
0 0.557633 0.500742 0.034422 0.034297
0 0.168836 0.376258 0.035828 0.033203
0 0.124531 0.148445 0.034313 0.030766
0 0.564234 0.597086 0.034969 0.031203
0 0.822688 0.921187 0.035844 0.033500
0 0.562242 0.408258 0.031453 0.033547
0 0.177109 0.810367 0.034312 0.033359
0 0.562750 0.361727 0.034000 0.031641
0 0.719141 0.593625 0.035000 0.034469
0 0.498828 0.479695 0.041000 0.039672
0 0.179414 0.294055 0.032141 0.032484
0 0.185156 0.895586 0.039906 0.035766
0 0.162508 0.590172 0.037766 0.030094
0 0.123922 0.106016 0.039406 0.036375
0 0.521508 0.934570 0.032297 0.031422
0 0.783852 0.124383 0.031078 0.032703
0 0.017039 0.959102 0.033047 0.037984
0 0.722445 0.547914 0.031234 0.031953
0 0.726219 0.188727 0.032469 0.032766
0 0.971125 0.551758 0.032000 0.031703
0 0.568242 0.688906 0.034703 0.033250
0 0.765617 0.485344 0.033172 0.031719
0 0.516984 0.890516 0.031531 0.029594
0 0.175773 0.170203 0.031859 0.029187
0 0.585211 0.032695 0.034453 0.033047
0 0.783203 0.739938 0.030125 0.029156
0 0.719859 0.277398 0.031969 0.030484
0 0.109227 0.658469 0.031734 0.031125
0 0.773227 0.524266 0.033547 0.029563
0 0.109406 0.440383 0.030906 0.029953
0 0.725000 0.233477 0.031844 0.029703
0 0.501703 0.572695 0.033750 0.034984
0 0.117039 0.790297 0.035953 0.032250
0 0.158898 0.500195 0.037766 0.031516
0 0.721398 0.683922 0.029203 0.030187
0 0.172039 0.335664 0.027703 0.027641
0 0.567258 0.266820 0.034516 0.032547
0 0.175289 0.726016 0.032734 0.031187
0 0.517500 0.102203 0.034406 0.030938
0 0.555914 0.455602 0.035172 0.033141
0 0.174859 0.126828 0.029687 0.028656
0 0.773008 0.302828 0.028953 0.028313
0 0.177859 0.249930 0.028687 0.030484
0 0.118688 0.311727 0.027906 0.029016
0 0.565273 0.218742 0.033422 0.033078
0 0.115344 0.394000 0.028844 0.026812
0 0.127859 0.064562 0.029875 0.028156
0 0.587219 0.905242 0.030687 0.027609
0 0.112461 0.703164 0.031047 0.028297
0 0.571586 0.823789 0.028578 0.028984
0 0.177711 0.205805 0.024359 0.024484
0 0.506836 0.761234 0.032578 0.032750
0 0.923195 0.440633 0.029984 0.029453
0 0.734297 0.811695 0.030344 0.030672
0 0.747820 0.861633 0.029141 0.029891
0 0.715266 0.464039 0.030875 0.031047
0 0.118219 0.229914 0.030281 0.027359
0 0.927422 0.748625 0.033000 0.031719
0 0.100484 0.567484 0.033906 0.030750
0 0.932539 0.835266 0.031672 0.030219
0 0.578313 0.128328 0.028438 0.028781
0 0.120922 0.270750 0.027406 0.029563
0 0.785508 0.786148 0.031797 0.032297
0 0.563078 0.315852 0.031250 0.028359
0 0.716922 0.638875 0.029531 0.030031
0 0.764375 0.441188 0.028469 0.028062
0 0.734680 0.146469 0.028609 0.030000
0 0.790953 0.078805 0.028094 0.027984
0 0.177359 0.083766 0.026500 0.027531
0 0.171820 0.674656 0.032703 0.030625
0 0.771414 0.952461 0.027578 0.028141
0 0.118344 0.355719 0.032656 0.031281
0 0.587070 0.949875 0.034359 0.030687
0 0.971633 0.637891 0.028734 0.029562
0 0.560641 0.552727 0.028844 0.029359
0 0.177805 0.767844 0.029234 0.026656
0 0.776508 0.662648 0.031359 0.030297
0 0.771398 0.255242 0.026984 0.025891
0 0.502016 0.339164 0.031250 0.028484
0 0.016313 0.040570 0.027125 0.029453
0 0.766555 0.394813 0.026641 0.027531
0 0.122117 0.835367 0.030203 0.031578
0 0.180164 0.043117 0.029328 0.028359
0 0.974461 0.598867 0.029703 0.029328
0 0.770266 0.351016 0.026063 0.028750
0 0.781656 0.701203 0.029563 0.028500
0 0.166867 0.418336 0.026828 0.024953
0 0.834828 0.971820 0.028750 0.030703
0 0.717391 0.504250 0.029125 0.027750
0 0.494055 0.429828 0.032484 0.028031
0 0.503461 0.806227 0.028516 0.026016
0 0.930102 0.353852 0.026109 0.027172
0 0.728781 0.767797 0.028906 0.027094
0 0.579680 0.863828 0.028391 0.031125
0 0.105922 0.616102 0.030406 0.027109
0 0.917305 0.573430 0.024203 0.027141
0 0.778953 0.169094 0.025187 0.025281
0 0.733969 0.096945 0.026750 0.028359
0 0.933430 0.178414 0.026891 0.026797
0 0.797852 0.829969 0.028672 0.028437
0 0.121578 0.875383 0.027469 0.027922
0 0.914766 0.620664 0.029781 0.029922
0 0.164391 0.457219 0.031781 0.026625
0 0.569758 0.773969 0.028766 0.031000
0 0.505391 0.715617 0.030781 0.029484
0 0.753469 0.910688 0.027781 0.027750
0 0.129766 0.023648 0.027250 0.028578
0 0.520266 0.057266 0.033438 0.030687
0 0.773516 0.211398 0.024219 0.025266
0 0.728766 0.726438 0.030625 0.030063
0 0.983398 0.326609 0.030891 0.030187
0 0.181688 0.855187 0.026344 0.026281
0 0.919070 0.530727 0.025859 0.025922
0 0.934672 0.138156 0.026094 0.026063
0 0.720852 0.372438 0.025047 0.028094
0 0.930000 0.219875 0.027250 0.027031
0 0.720336 0.328328 0.025828 0.026531
0 0.733227 0.055078 0.028766 0.027875
0 0.187102 0.986430 0.033891 0.026828
0 0.926906 0.310172 0.027469 0.031031
0 0.793500 0.035945 0.028125 0.028734
0 0.803367 0.874687 0.036328 0.034781
0 0.981687 0.284414 0.032750 0.031203
0 0.500109 0.524586 0.030063 0.027266
0 0.184883 0.941797 0.032266 0.027812
0 0.775344 0.616922 0.027875 0.028281
0 0.972938 0.509156 0.026906 0.027813
0 0.507367 0.291117 0.027203 0.025672
0 0.987266 0.073391 0.025469 0.031563
0 0.925023 0.705422 0.032328 0.026281
0 0.015180 0.861547 0.029578 0.037969
0 0.982586 0.238289 0.029547 0.029516
0 0.982602 0.159602 0.032922 0.031422
0 0.580617 0.079852 0.029109 0.027984
0 0.924758 0.486914 0.024391 0.026016
0 0.977469 0.419187 0.031313 0.032625
0 0.718203 0.418305 0.027188 0.025516
0 0.929102 0.792141 0.028703 0.026719
0 0.008656 0.462945 0.017313 0.033766
0 0.944133 0.051305 0.024672 0.026234
0 0.007766 0.222094 0.015531 0.033500
0 0.533828 0.977680 0.028094 0.027766
0 0.985438 0.199555 0.028281 0.028047
0 0.926602 0.393891 0.023078 0.025125
0 0.009422 0.363250 0.018844 0.037031
0 0.527375 0.013609 0.033469 0.026844
0 0.008531 0.316711 0.017063 0.035484
0 0.011055 0.416812 0.022109 0.042188
0 0.007992 0.636492 0.015984 0.036422
0 0.771867 0.566484 0.027891 0.027656
0 0.930633 0.264484 0.025797 0.028000
0 0.980250 0.372016 0.029469 0.031688
0 0.106438 0.479742 0.027344 0.025766
0 0.009906 0.269328 0.019813 0.034969
0 0.009461 0.722711 0.018922 0.034422
0 0.010250 0.766172 0.020500 0.043844
0 0.918758 0.666516 0.025703 0.027625
0 0.007961 0.587141 0.015922 0.038000
0 0.986984 0.113945 0.025250 0.029359
0 0.938922 0.877344 0.031000 0.031156
0 0.964766 0.966734 0.028844 0.026375
0 0.950844 0.923797 0.030406 0.029719
0 0.976133 0.462688 0.025766 0.027219
0 0.117898 0.750195 0.027578 0.028984
0 0.936367 0.094617 0.023547 0.023516
0 0.009719 0.817172 0.019437 0.036719
0 0.596875 0.991109 0.028656 0.017031
