0 0.099547 0.194797 0.034375 0.034031
0 0.087484 0.873070 0.062969 0.058672
0 0.065516 0.471305 0.053719 0.048016
0 0.671078 0.072484 0.043187 0.040125
0 0.044648 0.168906 0.047578 0.047438
0 0.504398 0.710867 0.047891 0.044641
0 0.730789 0.948992 0.040141 0.040578
0 0.081609 0.624297 0.046531 0.043625
0 0.446906 0.040266 0.053969 0.054781
0 0.720273 0.457469 0.040828 0.039375
0 0.147133 0.748523 0.042891 0.035828
0 0.487406 0.357531 0.043875 0.040813
0 0.455531 0.095281 0.040719 0.038437
0 0.677742 0.125977 0.042859 0.040141
0 0.505203 0.057969 0.038969 0.039281
0 0.291219 0.060672 0.038656 0.037062
0 0.458734 0.149641 0.040313 0.038875
0 0.522617 0.861430 0.040859 0.035766
0 0.940234 0.135070 0.036625 0.036203
0 0.495914 0.449922 0.037391 0.035875
0 0.716773 0.398492 0.038484 0.038953
0 0.774969 0.632336 0.036281 0.038734
0 0.468289 0.201891 0.040109 0.039250
0 0.045875 0.219609 0.053625 0.046500
0 0.908695 0.580711 0.037391 0.036859
0 0.522172 0.956453 0.041406 0.036062
0 0.137891 0.649859 0.037969 0.035969
0 0.767813 0.368898 0.038875 0.038016
0 0.056398 0.324742 0.036766 0.035547
0 0.502437 0.656086 0.043219 0.040484
0 0.666906 0.018430 0.042844 0.036797
0 0.899578 0.535187 0.033938 0.033188
0 0.086344 0.049789 0.037875 0.035641
0 0.306695 0.210211 0.035984 0.036797
0 0.267938 0.281281 0.039437 0.037531
0 0.880906 0.280352 0.039937 0.035891
0 0.510805 0.812828 0.041766 0.040125
0 0.975492 0.792031 0.039453 0.040594
0 0.513234 0.112883 0.040937 0.040266
0 0.275352 0.381719 0.036234 0.037437
0 0.725008 0.666695 0.044922 0.045016
0 0.061617 0.373711 0.033891 0.033547
0 0.882102 0.171094 0.036266 0.035969
0 0.042016 0.121273 0.035875 0.034672
0 0.918625 0.824211 0.034875 0.033547
0 0.781352 0.861273 0.033516 0.034703
0 0.071641 0.524922 0.035281 0.035125
0 0.284141 0.477984 0.043250 0.044188
0 0.123641 0.547891 0.036281 0.035000
0 0.529805 0.217930 0.044047 0.040578
0 0.769633 0.468766 0.037828 0.041563
0 0.032680 0.025266 0.037484 0.034219
0 0.502766 0.510930 0.036437 0.034078
0 0.775586 0.522547 0.038328 0.036656
0 0.726750 0.789055 0.032375 0.034891
0 0.299734 0.107945 0.037531 0.034641
0 0.759602 0.212078 0.040359 0.035375
0 0.901352 0.484375 0.034547 0.032969
0 0.297703 0.772258 0.034438 0.032766
0 0.914883 0.728297 0.035891 0.032688
0 0.138758 0.700352 0.036422 0.035422
0 0.149977 0.800219 0.033953 0.031844
0 0.291531 0.576750 0.037937 0.037187
0 0.954727 0.498109 0.031922 0.035875
0 0.928703 0.912422 0.035687 0.034312
0 0.983172 0.886914 0.032656 0.033797
0 0.095289 0.821586 0.035859 0.030984
0 0.332289 0.447445 0.035609 0.033047
0 0.774547 0.752242 0.035062 0.033047
0 0.536320 0.322383 0.035422 0.032766
0 0.966664 0.600305 0.033234 0.036297
0 0.711422 0.339789 0.035344 0.034422
0 0.941883 0.185250 0.033359 0.036219
0 0.336461 0.503031 0.034078 0.030969
0 0.298805 0.679117 0.034297 0.031891
0 0.299867 0.626570 0.034984 0.032641
0 0.272547 0.331273 0.035937 0.034453
0 0.328367 0.401664 0.035516 0.032453
0 0.531547 0.271359 0.033688 0.033094
0 0.261016 0.237203 0.033250 0.031625
0 0.777844 0.579133 0.037875 0.040391
0 0.095812 0.145859 0.032219 0.031688
0 0.787852 0.916438 0.035234 0.032500
0 0.921602 0.024492 0.036391 0.034453
0 0.546773 0.624711 0.036328 0.037766
0 0.088844 0.722023 0.034406 0.034391
0 0.244320 0.082391 0.031891 0.032687
0 0.962422 0.549922 0.032625 0.033062
0 0.756898 0.261016 0.032609 0.032250
0 0.312937 0.963531 0.032281 0.034156
0 0.870430 0.061953 0.033828 0.034000
0 0.127820 0.598492 0.032859 0.034016
0 0.913953 0.681406 0.033219 0.034656
0 0.106469 0.297687 0.031750 0.031656
0 0.292867 0.013125 0.042609 0.026031
0 0.510563 0.762531 0.034906 0.031625
0 0.984875 0.980453 0.029750 0.038469
0 0.315469 0.307828 0.030344 0.029750
0 0.572555 0.879289 0.039234 0.031953
0 0.325617 0.352625 0.031766 0.028625
0 0.525875 0.913359 0.032687 0.026844
0 0.343531 0.749969 0.033094 0.030375
0 0.068258 0.420320 0.033891 0.031859
0 0.577992 0.926828 0.037422 0.034969
0 0.773391 0.687594 0.030031 0.030969
0 0.279383 0.427063 0.033859 0.029719
0 0.966070 0.652172 0.032516 0.034781
0 0.523406 0.168172 0.037938 0.035781
0 0.865680 0.014930 0.037078 0.029359
0 0.889367 0.329539 0.034328 0.032797
0 0.102656 0.239578 0.030750 0.031312
0 0.949859 0.399383 0.031031 0.032422
0 0.916227 0.773039 0.030672 0.032109
0 0.934594 0.971367 0.032156 0.031984
0 0.787531 0.973852 0.031875 0.035203
0 0.875516 0.115219 0.032375 0.031250
0 0.561320 0.729664 0.040828 0.038891
0 0.549672 0.571688 0.037563 0.033781
0 0.089633 0.097859 0.032609 0.030156
0 0.932625 0.078188 0.029375 0.030531
0 0.551789 0.526914 0.036141 0.027609
0 0.893703 0.436164 0.033062 0.034453
0 0.137266 0.905422 0.033313 0.030844
0 0.716531 0.502883 0.029375 0.028672
0 0.727711 0.840336 0.030578 0.032422
0 0.302961 0.159797 0.031266 0.031688
0 0.953375 0.449156 0.031250 0.032844
0 0.307750 0.916141 0.031344 0.029531
0 0.689438 0.185852 0.032062 0.032047
0 0.056680 0.264852 0.030828 0.028891
0 0.541477 0.375320 0.031109 0.032453
0 0.951844 0.301633 0.032219 0.031109
0 0.346453 0.795734 0.028563 0.027969
0 0.346266 0.706359 0.031281 0.030656
0 0.921016 0.868219 0.029594 0.026344
0 0.703719 0.288172 0.030156 0.030750
0 0.475508 0.251938 0.034297 0.029094
0 0.338352 0.549867 0.031672 0.030484
0 0.719859 0.553961 0.030063 0.030703
0 0.249594 0.128656 0.033281 0.033156
0 0.306172 0.871336 0.028687 0.029578
0 0.147359 0.856062 0.027531 0.027844
0 0.910805 0.628680 0.032141 0.030266
0 0.564055 0.777570 0.035891 0.031266
0 0.477750 0.304156 0.032156 0.031625
0 0.095531 0.927250 0.030156 0.026844
0 0.502383 0.552453 0.031203 0.028719
0 0.891703 0.378125 0.029813 0.028594
0 0.298836 0.728094 0.028609 0.027406
0 0.746219 0.089570 0.031000 0.036172
0 0.346461 0.845070 0.027672 0.027672
0 0.117484 0.447977 0.030937 0.030547
0 0.728453 0.729359 0.028469 0.029000
0 0.489156 0.401938 0.030250 0.028719
0 0.289148 0.530453 0.033359 0.029781
0 0.497414 0.603594 0.031703 0.029594
0 0.759969 0.311625 0.028750 0.028563
0 0.978250 0.840648 0.034094 0.033359
0 0.741883 0.037062 0.031328 0.033469
0 0.078906 0.571234 0.031813 0.031875
0 0.121188 0.499656 0.027719 0.029625
0 0.309484 0.258469 0.027438 0.026844
0 0.109211 0.348719 0.026141 0.027594
0 0.695430 0.240094 0.028359 0.028594
0 0.356195 0.939711 0.028609 0.028641
0 0.305164 0.817375 0.025016 0.025531
0 0.039750 0.077586 0.032937 0.029984
0 0.089367 0.678164 0.029984 0.028734
0 0.725820 0.610992 0.027609 0.028766
0 0.553891 0.478602 0.034906 0.030016
0 0.724992 0.895664 0.029641 0.028234
0 0.339969 0.598516 0.029656 0.031406
0 0.767953 0.420883 0.026906 0.027047
0 0.543117 0.422977 0.030328 0.030703
0 0.882617 0.222508 0.027578 0.030109
0 0.256297 0.179031 0.028937 0.028406
0 0.568164 0.827828 0.040703 0.038063
0 0.112680 0.395633 0.027234 0.028859
0 0.579562 0.972484 0.034063 0.031531
0 0.341391 0.652609 0.031500 0.030594
0 0.351391 0.888211 0.027906 0.027734
0 0.243383 0.034680 0.028828 0.031609
0 0.090445 0.769313 0.031047 0.028594
0 0.974336 0.743266 0.030859 0.030281
0 0.141000 0.947156 0.029125 0.027969
0 0.093570 0.969039 0.036953 0.030859
0 0.751844 0.148688 0.028281 0.028156
0 0.987555 0.935297 0.024891 0.031438
0 0.946711 0.247289 0.032422 0.033234
0 0.780398 0.813781 0.025766 0.026781
0 0.139523 0.986344 0.029672 0.026656
0 0.741055 0.992031 0.027453 0.015250
0 0.554570 0.677047 0.027578 0.028875
0 0.533039 0.993016 0.036953 0.013156
0 0.354117 0.991344 0.031016 0.016719
0 0.952352 0.349938 0.025859 0.027250
