0 0.637047 0.108414 0.043375 0.031234
0 0.585289 0.275242 0.027766 0.030641
0 0.651500 0.296055 0.036437 0.031797
0 0.592812 0.318898 0.034687 0.034703
0 0.654102 0.343469 0.025453 0.044531
0 0.597430 0.364867 0.047422 0.035266
0 0.603508 0.416906 0.046828 0.042219
0 0.604953 0.470680 0.032375 0.031797
0 0.670289 0.487164 0.042797 0.037016
0 0.609578 0.515500 0.025437 0.026594
0 0.668555 0.538625 0.041641 0.039313
0 0.613047 0.567828 0.027750 0.036437
0 0.679250 0.582570 0.058375 0.048578
0 0.619984 0.623047 0.038156 0.035844
0 0.685039 0.632594 0.050297 0.037594
0 0.688219 0.686078 0.038156 0.033531
0 0.624609 0.718750 0.052031 0.035281
0 0.698914 0.744477 0.053766 0.048578
0 0.637336 0.769344 0.047422 0.033531
0 0.697758 0.791031 0.043359 0.036437
0 0.633578 0.818203 0.042219 0.042219
0 0.700937 0.839023 0.037000 0.031797
0 0.630680 0.867648 0.035266 0.032391
0 0.699492 0.887594 0.042203 0.043375
0 0.637336 0.912461 0.048578 0.034109
0 0.695734 0.937609 0.040469 0.035844
0 0.634156 0.966234 0.042219 0.041062
0 0.787094 0.053484 0.034688 0.040469
0 0.826414 0.052039 0.039328 0.031797
0 0.862555 0.052617 0.034109 0.037578
0 0.909102 0.049148 0.047422 0.043359
0 0.950164 0.052617 0.027766 0.038734
0 0.985203 0.047703 0.029594 0.037000
0 0.809937 0.115641 0.035281 0.031813
0 0.850125 0.112172 0.031219 0.034125
0 0.885109 0.108414 0.028344 0.035859
0 0.922117 0.107547 0.027172 0.036437
0 0.960570 0.107836 0.035859 0.034703
0 0.782469 0.247773 0.037000 0.043953
0 0.820055 0.249797 0.037016 0.035281
0 0.854461 0.244016 0.026016 0.032969
0 0.889445 0.241703 0.032391 0.036437
0 0.930211 0.244305 0.026016 0.040484
0 0.973867 0.243148 0.033547 0.037016
0 0.795188 0.308484 0.024281 0.033531
0 0.838563 0.307039 0.031219 0.032953
0 0.873836 0.305305 0.027766 0.030641
0 0.913156 0.309063 0.026594 0.032375
0 0.948719 0.304727 0.036438 0.042203
0 0.988383 0.301836 0.023234 0.036422
0 0.794617 0.449578 0.033547 0.038156
0 0.827867 0.451602 0.021391 0.030641
0 0.869781 0.446398 0.027750 0.041047
0 0.905922 0.440906 0.042219 0.040469
0 0.947852 0.437438 0.040484 0.037000
0 0.986359 0.435992 0.027281 0.035266
0 0.808492 0.501039 0.040484 0.033547
0 0.849258 0.503352 0.028328 0.033547
0 0.889734 0.497859 0.031813 0.027187
0 0.927898 0.502195 0.039891 0.049734
0 0.967508 0.499594 0.034703 0.039906
0 0.866891 0.651094 0.032375 0.036437
0 0.895516 0.651672 0.024875 0.027187
0 0.936281 0.649070 0.031219 0.040484
0 0.975023 0.644734 0.030078 0.036437
0 0.851570 0.717594 0.030641 0.032969
0 0.884820 0.714414 0.021984 0.024297
0 0.922984 0.709500 0.038156 0.030656
0 0.960570 0.707477 0.028922 0.040484
0 0.872969 0.863891 0.042219 0.034125
0 0.913156 0.854922 0.030063 0.034688
0 0.956813 0.855789 0.036437 0.038734
0 0.866313 0.923734 0.037000 0.040469
0 0.900438 0.920844 0.027750 0.040469
0 0.937453 0.917953 0.027719 0.034688
0 0.984914 0.915352 0.030172 0.039891
0 0.365195 0.040375 0.037172 0.035969
0 0.372391 0.076352 0.046750 0.031172
0 0.446727 0.100930 0.046766 0.037172
0 0.386492 0.125820 0.048578 0.035859
0 0.442578 0.149820 0.039312 0.035266
0 0.388805 0.174391 0.038172 0.039312
0 0.451836 0.200992 0.049734 0.035859
0 0.452414 0.245805 0.045109 0.034109
0 0.395164 0.273852 0.037016 0.031234
0 0.453570 0.294953 0.027766 0.038750
0 0.452125 0.338031 0.044531 0.037000
0 0.398055 0.373594 0.043953 0.034125
0 0.459086 0.388906 0.028391 0.026562
0 0.402391 0.414938 0.036437 0.028906
0 0.462242 0.421008 0.032391 0.022547
0 0.409336 0.452531 0.030641 0.031219
0 0.466289 0.466406 0.033547 0.031219
0 0.414539 0.488953 0.031797 0.026594
0 0.468891 0.506305 0.030656 0.032391
0 0.408750 0.536664 0.043375 0.038734
0 0.474383 0.549672 0.038172 0.025438
0 0.419453 0.577719 0.045094 0.036437
0 0.476695 0.591305 0.028922 0.037016
0 0.419164 0.621953 0.026016 0.023125
0 0.478719 0.635250 0.032969 0.025437
0 0.426391 0.665031 0.039313 0.036437
0 0.489422 0.671680 0.032375 0.024297
0 0.435641 0.709844 0.039312 0.028906
0 0.494336 0.719383 0.039891 0.032953
0 0.436508 0.758125 0.028328 0.029500
0 0.499539 0.768539 0.030641 0.031797
0 0.443156 0.796000 0.037000 0.033531
0 0.505898 0.812773 0.039891 0.033547
0 0.444602 0.841109 0.028328 0.032375
0 0.507633 0.863367 0.042203 0.035266
0 0.452414 0.884180 0.034703 0.026016
0 0.517172 0.901242 0.033531 0.024297
0 0.454148 0.925242 0.041641 0.031797
0 0.521516 0.941430 0.050312 0.046828
0 0.446625 0.962828 0.035844 0.032969
0 0.517172 0.982711 0.035844 0.034578
0 0.568234 0.017781 0.045688 0.035563
0 0.625766 0.026016 0.038156 0.036437
0 0.572570 0.059555 0.034703 0.039891
0 0.633289 0.065336 0.057828 0.044516
0 0.580375 0.095406 0.056094 0.027188
0 0.579219 0.134148 0.037594 0.036422
0 0.637625 0.158719 0.039906 0.034688
0 0.581531 0.179250 0.024875 0.030656
0 0.587891 0.230422 0.038750 0.039313
0 0.647453 0.249219 0.027187 0.028344
