0 0.011477 0.936430 0.022953 0.044828
0 0.640156 0.711109 0.033250 0.036531
0 0.873320 0.574867 0.039953 0.046547
0 0.206297 0.984883 0.043250 0.028578
0 0.383758 0.027484 0.041703 0.043656
0 0.345555 0.610234 0.042453 0.050531
0 0.589922 0.226445 0.032094 0.036109
0 0.914297 0.952328 0.037844 0.045437
0 0.461336 0.081797 0.046922 0.048406
0 0.621453 0.773375 0.037906 0.042406
0 0.068078 0.645648 0.038906 0.046266
0 0.527883 0.123781 0.040672 0.047281
0 0.369359 0.098781 0.036969 0.045000
0 0.850969 0.641141 0.034563 0.041094
0 0.215430 0.181969 0.035828 0.044094
0 0.212719 0.531016 0.047750 0.060344
0 0.738477 0.479906 0.046078 0.060000
0 0.459781 0.673711 0.036469 0.044828
0 0.080648 0.983891 0.022297 0.026937
0 0.165844 0.966562 0.026156 0.027062
0 0.624227 0.981859 0.047859 0.034625
0 0.491148 0.896125 0.036891 0.042031
0 0.420172 0.056047 0.039313 0.045656
0 0.463664 0.872008 0.037141 0.042266
0 0.309508 0.472805 0.031891 0.036453
0 0.265289 0.478734 0.037641 0.046812
0 0.806523 0.532211 0.040266 0.045016
0 0.566805 0.141625 0.044359 0.055156
0 0.605773 0.163203 0.047953 0.045562
0 0.327594 0.241141 0.033563 0.038375
0 0.706492 0.286703 0.031172 0.033562
0 0.089977 0.375500 0.058953 0.065406
0 0.489594 0.413836 0.055406 0.064984
0 0.975492 0.649031 0.046234 0.045844
0 0.329336 0.800508 0.054547 0.058078
0 0.553742 0.205891 0.055672 0.064312
0 0.179164 0.158812 0.050703 0.059687
0 0.250812 0.027156 0.056406 0.054312
0 0.330391 0.521312 0.040719 0.044906
0 0.072883 0.446602 0.050109 0.056547
0 0.407086 0.920484 0.051266 0.057094
0 0.094227 0.918531 0.047141 0.053969
0 0.532141 0.436883 0.046250 0.053641
0 0.952664 0.711766 0.042734 0.049375
0 0.330609 0.069906 0.049625 0.057406
0 0.428203 0.651289 0.053531 0.061953
0 0.833906 0.914586 0.051875 0.062016
0 0.166828 0.777625 0.042531 0.047594
0 0.585961 0.755719 0.053266 0.060438
0 0.054258 0.719258 0.047734 0.065172
0 0.608203 0.486656 0.046156 0.046625
0 0.945703 0.973812 0.052406 0.051438
0 0.041430 0.961273 0.041672 0.048453
0 0.417906 0.368898 0.037344 0.041797
0 0.145797 0.697086 0.042312 0.043984
0 0.878039 0.939320 0.050641 0.060672
0 0.051508 0.893320 0.048734 0.052016
0 0.280148 0.571039 0.062141 0.071266
0 0.825273 0.297969 0.046359 0.051344
0 0.397172 0.834914 0.044812 0.044141
0 0.313547 0.860414 0.042500 0.047359
0 0.582945 0.398531 0.041609 0.043875
0 0.660641 0.268359 0.057469 0.061969
0 0.747656 0.577344 0.051437 0.062813
0 0.312875 0.305922 0.044375 0.050406
0 0.632648 0.422125 0.047078 0.051687
0 0.219227 0.741680 0.048172 0.057641
0 0.146211 0.486141 0.043516 0.051031
0 0.758016 0.858414 0.041844 0.045516
0 0.383555 0.347617 0.034922 0.039891
0 0.387422 0.633188 0.047094 0.058219
0 0.131039 0.946937 0.043078 0.048156
0 0.344008 0.886625 0.036891 0.041281
0 0.359812 0.269742 0.045094 0.049922
0 0.481563 0.163750 0.044031 0.048531
0 0.963102 0.450437 0.042797 0.047531
0 0.542812 0.375523 0.043063 0.050391
0 0.776867 0.334367 0.042609 0.051203
0 0.233078 0.822937 0.046625 0.057750
0 0.271437 0.837828 0.044688 0.051156
0 0.525344 0.912594 0.046344 0.053625
0 0.685305 0.825930 0.049984 0.052703
0 0.224555 0.462055 0.059359 0.066797
0 0.983094 0.733703 0.033437 0.049656
0 0.715133 0.230641 0.041984 0.048031
0 0.604953 0.692883 0.042250 0.047547
0 0.444156 0.938258 0.037438 0.043078
0 0.676336 0.735133 0.040578 0.045109
0 0.111898 0.463750 0.048453 0.066563
0 0.205844 0.241219 0.040781 0.043500
0 0.505781 0.981297 0.044781 0.036094
0 0.169672 0.230859 0.035062 0.041625
0 0.711797 0.554508 0.037031 0.045672
0 0.181641 0.506563 0.050250 0.058031
0 0.754305 0.252469 0.041672 0.045312
0 0.911180 0.341141 0.042766 0.049531
0 0.644047 0.184062 0.036875 0.041375
0 0.254734 0.199008 0.034000 0.037516
0 0.633062 0.244617 0.043781 0.050672
0 0.467016 0.328984 0.045531 0.057063
0 0.401414 0.565891 0.041672 0.051375
0 0.017469 0.692867 0.034813 0.065578
0 0.290617 0.222258 0.039203 0.044766
0 0.406922 0.120148 0.041250 0.050922
0 0.815320 0.621633 0.040734 0.049422
0 0.794523 0.888891 0.038391 0.036281
0 0.477523 0.605109 0.047297 0.053500
0 0.572523 0.463531 0.039578 0.042406
0 0.867609 0.319328 0.052125 0.063531
0 0.894273 0.863672 0.037672 0.039281
0 0.945563 0.372359 0.038875 0.039219
0 0.472391 0.957844 0.041500 0.049219
0 0.315906 0.593406 0.049313 0.062719
0 0.288867 0.048680 0.042922 0.051266
0 0.907266 0.596883 0.042000 0.046484
0 0.655469 0.799484 0.050375 0.061344
0 0.783867 0.599625 0.036234 0.039500
0 0.159602 0.421719 0.036359 0.035281
0 0.184141 0.717570 0.041719 0.044453
0 0.852570 0.844578 0.038953 0.047375
0 0.575102 0.663867 0.035828 0.040547
0 0.096047 0.738539 0.034875 0.035922
0 0.677781 0.206164 0.039344 0.042891
0 0.744578 0.772156 0.041781 0.051688
0 0.564453 0.932773 0.040781 0.050328
0 0.770352 0.505742 0.041609 0.053828
0 0.934469 0.887453 0.038156 0.037344
0 0.378437 0.890984 0.026937 0.035313
0 0.790117 0.272062 0.034859 0.037719
0 0.345516 0.015266 0.039813 0.030094
0 0.443313 0.137367 0.042562 0.050922
0 0.430516 0.302547 0.041031 0.046188
0 0.839070 0.552719 0.038672 0.044531
0 0.883859 0.405086 0.054000 0.068359
0 0.439750 0.581992 0.038469 0.046297
0 0.708648 0.756711 0.033516 0.040703
0 0.249367 0.545320 0.038266 0.051422
0 0.823609 0.360687 0.041281 0.047906
0 0.029086 0.627000 0.032234 0.039750
0 0.920852 0.428508 0.035109 0.043547
0 0.348969 0.325070 0.032750 0.037234
0 0.522711 0.712109 0.038609 0.045688
0 0.882938 0.664617 0.035562 0.036047
0 0.486508 0.693352 0.046453 0.057547
0 0.431289 0.854766 0.041266 0.052875
0 0.501578 0.351930 0.036187 0.038953
