0 0.910281 0.597750 0.062563 0.063531
0 0.325766 0.504289 0.062500 0.070672
0 0.321719 0.036281 0.059844 0.064406
0 0.078312 0.572969 0.061250 0.066406
0 0.441437 0.403023 0.073562 0.083828
0 0.479469 0.215219 0.075000 0.081594
0 0.104563 0.038617 0.068656 0.066516
0 0.392000 0.117156 0.070375 0.078563
0 0.411164 0.593594 0.067516 0.074937
0 0.815164 0.517375 0.069422 0.077625
0 0.067891 0.232813 0.078406 0.085719
0 0.247516 0.745633 0.081781 0.086141
0 0.256586 0.587437 0.069359 0.081656
0 0.074805 0.384617 0.060109 0.062391
0 0.563477 0.293477 0.082141 0.085016
0 0.279344 0.221523 0.053594 0.054328
0 0.372984 0.309641 0.093156 0.094063
0 0.728609 0.446992 0.093625 0.093484
0 0.156766 0.324273 0.089375 0.092578
0 0.637320 0.367234 0.050047 0.056688
0 0.521422 0.493234 0.077687 0.087594
0 0.200937 0.130305 0.088750 0.088547
0 0.246945 0.416297 0.053547 0.057719
0 0.184805 0.483852 0.093422 0.103359
0 0.172234 0.658906 0.092687 0.097750
0 0.343500 0.670703 0.089281 0.110125
0 0.984523 0.897680 0.030578 0.057141
0 0.987141 0.673922 0.025656 0.047687
0 0.015438 0.456563 0.030781 0.060281
0 0.009672 0.151570 0.019250 0.061984
