0 0.473508 0.770250 0.050609 0.042813
0 0.488828 0.142945 0.065344 0.057359
0 0.285133 0.481961 0.058141 0.051047
0 0.058180 0.162703 0.056297 0.052500
0 0.479961 0.721023 0.044016 0.041359
0 0.103664 0.346438 0.050391 0.050781
0 0.287164 0.674977 0.056641 0.048297
0 0.304625 0.134164 0.045500 0.043703
0 0.298219 0.188375 0.054375 0.052094
0 0.426852 0.598008 0.049172 0.042953
0 0.117844 0.142383 0.047031 0.046297
0 0.272141 0.859859 0.045500 0.043344
0 0.234500 0.310336 0.051688 0.045609
0 0.287102 0.385422 0.046359 0.043750
0 0.029625 0.572125 0.046000 0.043781
0 0.043891 0.416672 0.050906 0.049438
0 0.079008 0.795414 0.040703 0.040734
0 0.418211 0.645281 0.045703 0.041750
0 0.100258 0.443695 0.051078 0.049203
0 0.271336 0.909164 0.041953 0.036547
0 0.489961 0.474344 0.048672 0.046812
0 0.307766 0.083070 0.038406 0.040078
0 0.289109 0.286000 0.046719 0.047625
0 0.276633 0.774789 0.039859 0.040359
0 0.020766 0.861188 0.041375 0.045844
0 0.250172 0.106305 0.045375 0.042547
0 0.466664 0.818984 0.047891 0.044062
0 0.253133 0.058156 0.039047 0.037500
0 0.225578 0.658984 0.045094 0.045094
0 0.219227 0.549242 0.045359 0.041609
0 0.236281 0.257148 0.050687 0.043234
0 0.281328 0.532477 0.048969 0.044234
0 0.285992 0.581078 0.048984 0.040062
0 0.211914 0.881773 0.039953 0.038641
0 0.230008 0.361789 0.040328 0.037266
0 0.425695 0.279781 0.049484 0.044781
0 0.480281 0.674836 0.046469 0.038859
0 0.216164 0.792570 0.044359 0.040422
0 0.039297 0.517141 0.055969 0.052312
0 0.416664 0.740617 0.043422 0.041891
0 0.222836 0.499625 0.043953 0.042469
0 0.427008 0.446961 0.049641 0.047766
0 0.488836 0.204734 0.053672 0.049094
0 0.291063 0.337336 0.038406 0.037047
0 0.419172 0.690273 0.058531 0.051797
0 0.245445 0.157273 0.039391 0.037734
0 0.205734 0.973953 0.037094 0.039625
0 0.070688 0.938156 0.046000 0.040469
0 0.222039 0.604023 0.044391 0.044328
0 0.080898 0.846547 0.036547 0.036688
0 0.061969 0.067508 0.045500 0.043484
0 0.095578 0.498078 0.036281 0.034438
0 0.463953 0.869570 0.037875 0.036016
0 0.240656 0.208031 0.038344 0.037313
0 0.215070 0.837250 0.040016 0.035781
0 0.082117 0.699617 0.038359 0.038578
0 0.215164 0.747437 0.037484 0.037531
0 0.427664 0.386359 0.050547 0.048062
0 0.110688 0.290734 0.047031 0.046469
0 0.423875 0.499992 0.041469 0.038172
0 0.290242 0.237453 0.038047 0.036188
0 0.421117 0.552305 0.046891 0.041047
0 0.287883 0.432781 0.045641 0.040969
0 0.421477 0.330961 0.049641 0.050578
0 0.401125 0.887844 0.036719 0.034406
0 0.020422 0.769062 0.034531 0.036969
0 0.055367 0.212266 0.036703 0.035594
0 0.232016 0.411266 0.036813 0.041438
0 0.425656 0.229336 0.044219 0.043391
0 0.213805 0.927328 0.035734 0.031781
0 0.019648 0.812289 0.034422 0.035609
0 0.401156 0.936477 0.038156 0.034266
0 0.282719 0.626180 0.042219 0.036891
0 0.068383 0.980984 0.053359 0.036406
0 0.481039 0.625867 0.046953 0.038547
0 0.074125 0.893086 0.035656 0.037141
0 0.480164 0.580234 0.036953 0.035062
0 0.263531 0.014977 0.043500 0.029609
0 0.405875 0.837219 0.035219 0.035219
0 0.046195 0.312008 0.034141 0.036047
0 0.045164 0.464320 0.033578 0.032234
0 0.269203 0.955984 0.046813 0.041281
0 0.092914 0.596352 0.033484 0.036078
0 0.118859 0.092266 0.039313 0.037250
0 0.283570 0.727203 0.042891 0.040094
0 0.411313 0.788062 0.041031 0.036188
0 0.121664 0.046094 0.034297 0.031219
0 0.459344 0.916953 0.039813 0.038375
0 0.457859 0.963203 0.036625 0.038063
0 0.486609 0.415727 0.043500 0.042484
0 0.110875 0.235766 0.029375 0.029375
0 0.014180 0.907195 0.027609 0.034328
0 0.049156 0.256016 0.036906 0.038250
0 0.115156 0.190656 0.036625 0.032844
0 0.046742 0.363898 0.037891 0.034766
0 0.097930 0.395750 0.029609 0.028250
0 0.053727 0.111344 0.030922 0.030594
0 0.021508 0.665383 0.035984 0.036828
0 0.061180 0.022523 0.040703 0.034078
0 0.096531 0.543992 0.028531 0.029266
0 0.485172 0.524422 0.031000 0.033094
0 0.021781 0.713180 0.029625 0.032859
0 0.392742 0.980734 0.039609 0.036500
0 0.319297 0.010867 0.043750 0.021547
0 0.029523 0.617063 0.028141 0.027125
0 0.014859 0.949641 0.028781 0.033656
0 0.087648 0.648320 0.026297 0.028859
0 0.413836 0.167727 0.052703 0.049953
