0 0.983633 0.020273 0.032734 0.029453
0 0.982766 0.059680 0.034469 0.038984
0 0.930891 0.089570 0.031188 0.022516
0 0.986234 0.110359 0.027531 0.031187
0 0.929586 0.142406 0.045922 0.039844
0 0.989695 0.154102 0.020609 0.044172
0 0.934789 0.186156 0.038984 0.032063
0 0.991867 0.195250 0.016266 0.043312
0 0.941281 0.239430 0.039844 0.025984
0 0.946484 0.281875 0.043313 0.039844
0 0.944312 0.326922 0.049375 0.031188
0 0.964672 0.552586 0.043313 0.044172
0 0.967273 0.591141 0.032922 0.024250
0 0.972039 0.621891 0.035516 0.028594
0 0.969438 0.664766 0.044188 0.043313
0 0.981570 0.705055 0.035516 0.032047
0 0.976367 0.745766 0.042453 0.044188
0 0.983633 0.792109 0.032734 0.036375
0 0.986664 0.834555 0.026672 0.032922
0 0.920492 0.046687 0.039859 0.037250
