0 0.771836 0.718961 0.039578 0.027578
0 0.482234 0.328961 0.044625 0.041859
0 0.607953 0.552922 0.035563 0.032062
0 0.658234 0.546633 0.033219 0.032547
0 0.971313 0.180344 0.033750 0.032781
0 0.674711 0.134430 0.046766 0.031172
0 0.713086 0.085266 0.039578 0.028781
0 0.692102 0.174000 0.031172 0.028781
0 0.707687 0.226148 0.045563 0.027578
0 0.727477 0.269922 0.044359 0.028781
0 0.745453 0.313078 0.032375 0.035969
0 0.762844 0.362852 0.035969 0.027578
0 0.782625 0.415602 0.025188 0.020391
0 0.813805 0.507328 0.027578 0.023969
0 0.834781 0.552289 0.026375 0.027578
0 0.736469 0.138023 0.028781 0.033578
0 0.755648 0.187180 0.023984 0.023984
0 0.768836 0.226156 0.023984 0.022781
0 0.791016 0.280109 0.032375 0.025188
0 0.810203 0.325672 0.032375 0.022781
0 0.821000 0.383828 0.034781 0.035969
0 0.847375 0.418000 0.034781 0.020375
0 0.857563 0.466563 0.035969 0.023969
0 0.880953 0.508531 0.025188 0.026375
0 0.895937 0.553492 0.016781 0.029984
0 0.680711 0.690180 0.027578 0.027578
0 0.742461 0.678789 0.031172 0.023984
0 0.707687 0.726758 0.031187 0.031172
0 0.910195 0.039773 0.036422 0.034422
0 0.732867 0.763922 0.028766 0.021594
0 0.795820 0.770516 0.029984 0.025188
0 0.759242 0.814289 0.023984 0.023984
0 0.823398 0.817883 0.034766 0.031172
0 0.784430 0.862242 0.023984 0.021578
0 0.836586 0.850258 0.029984 0.021578
0 0.807844 0.904211 0.018062 0.021578
0 0.858766 0.896414 0.033563 0.020391
0 0.831789 0.940781 0.032359 0.025188
0 0.894141 0.940188 0.020375 0.026375
0 0.848570 0.596656 0.027578 0.029969
0 0.902531 0.599031 0.034781 0.032437
0 0.386164 0.025070 0.056047 0.049922
0 0.898336 0.677594 0.031172 0.033562
0 0.920523 0.630227 0.046766 0.027578
0 0.870758 0.639820 0.031172 0.027578
0 0.948695 0.669797 0.040766 0.029969
0 0.916914 0.721961 0.037172 0.023984
0 0.933703 0.769320 0.049156 0.046766
0 0.973273 0.714766 0.029984 0.035969
0 0.970883 0.813086 0.037172 0.031172
0 0.709484 0.635031 0.039562 0.034781
0 0.503250 0.372430 0.044375 0.037172
0 0.456133 0.084703 0.056016 0.046312
0 0.471438 0.136047 0.049219 0.048000
0 0.495617 0.232617 0.043641 0.042047
0 0.558008 0.373812 0.043453 0.041344
0 0.625945 0.598039 0.049672 0.049016
0 0.968250 0.045609 0.040187 0.042781
0 0.632383 0.509750 0.037891 0.039031
0 0.440758 0.030312 0.039047 0.037031
0 0.582414 0.509047 0.040109 0.040281
0 0.401844 0.072883 0.037781 0.037203
0 0.410172 0.125547 0.050844 0.041375
0 0.443133 0.227273 0.046297 0.044359
0 0.513625 0.280805 0.040000 0.041297
0 0.583039 0.417805 0.040391 0.043609
0 0.950102 0.133828 0.038078 0.038312
0 0.611523 0.460461 0.033516 0.034547
0 0.429336 0.177164 0.039922 0.040016
0 0.555508 0.460508 0.035891 0.034609
0 0.650320 0.639172 0.050516 0.046656
0 0.529219 0.419180 0.040250 0.040734
0 0.479961 0.183578 0.033891 0.034531
0 0.539867 0.328258 0.035266 0.033734
0 0.460437 0.279445 0.040125 0.037078
0 0.691586 0.050734 0.031859 0.033563
0 0.637937 0.042211 0.032375 0.033047
0 0.685680 0.587273 0.037141 0.034047
0 0.655687 0.087586 0.031250 0.032016
0 0.800031 0.462367 0.035156 0.034141
0 0.932664 0.088813 0.035016 0.033875
