0 0.357258 0.871719 0.054484 0.054656
0 0.977703 0.746477 0.043688 0.046328
0 0.300938 0.946992 0.055500 0.048797
0 0.805328 0.224852 0.051250 0.048484
0 0.955547 0.059664 0.049094 0.044266
0 0.116578 0.633984 0.041094 0.039687
0 0.190344 0.385945 0.042687 0.037422
0 0.309648 0.733227 0.045266 0.043578
0 0.933648 0.507234 0.045672 0.043344
0 0.371469 0.714180 0.056531 0.052703
0 0.791930 0.630687 0.049203 0.046719
0 0.365187 0.813539 0.053656 0.048578
0 0.559531 0.015289 0.050375 0.030203
0 0.130609 0.447828 0.046938 0.039562
0 0.376492 0.557312 0.044797 0.047781
0 0.344750 0.234594 0.046125 0.043250
0 0.520930 0.897227 0.039641 0.037234
0 0.608117 0.246773 0.039984 0.036328
0 0.299508 0.896383 0.044984 0.041797
0 0.027016 0.062719 0.048000 0.043750
0 0.943859 0.207977 0.035937 0.034172
0 0.950383 0.111438 0.042078 0.038875
0 0.782383 0.849000 0.053953 0.044063
0 0.146773 0.084438 0.043391 0.043906
0 0.948195 0.256523 0.044297 0.044109
0 0.786383 0.720492 0.051984 0.043609
0 0.317656 0.533906 0.038156 0.037437
0 0.195227 0.337602 0.059766 0.049391
0 0.734602 0.336383 0.039047 0.040641
0 0.018438 0.221797 0.035000 0.040344
0 0.584063 0.711961 0.048031 0.044797
0 0.978828 0.690094 0.041188 0.043156
0 0.411828 0.022359 0.043469 0.042781
0 0.742141 0.511570 0.041438 0.038203
0 0.304297 0.834141 0.036469 0.037469
0 0.594805 0.586203 0.045172 0.038250
0 0.621961 0.033336 0.043609 0.039328
0 0.117227 0.680352 0.043672 0.039172
0 0.530672 0.684039 0.045656 0.040547
0 0.765695 0.019094 0.050141 0.038187
0 0.316047 0.583961 0.053562 0.046766
0 0.734000 0.736336 0.038031 0.033797
0 0.918055 0.915453 0.057766 0.053719
0 0.192742 0.478727 0.055266 0.046016
0 0.944039 0.307398 0.036297 0.037734
0 0.212641 0.062172 0.040969 0.039469
0 0.547398 0.133242 0.047922 0.045672
0 0.924086 0.617687 0.036516 0.038531
0 0.149852 0.136180 0.034609 0.036891
0 0.379469 0.500695 0.038844 0.038734
0 0.934547 0.405953 0.037219 0.038625
0 0.146844 0.226219 0.042375 0.041063
0 0.976070 0.896633 0.041484 0.038953
0 0.175352 0.709063 0.040953 0.036344
0 0.309797 0.786703 0.037469 0.035219
0 0.023867 0.118664 0.042734 0.043391
0 0.411008 0.069211 0.035109 0.035172
0 0.205500 0.200625 0.038000 0.038406
0 0.324516 0.473680 0.036000 0.035922
0 0.725078 0.824000 0.038094 0.035438
0 0.982305 0.594703 0.034859 0.034063
0 0.976805 0.846430 0.039953 0.039859
0 0.799305 0.275219 0.042828 0.038469
0 0.217086 0.016797 0.055578 0.033531
0 0.542008 0.312719 0.040703 0.037219
0 0.985664 0.384914 0.028672 0.044453
0 0.101320 0.961695 0.046328 0.045734
0 0.980719 0.641258 0.038125 0.041578
0 0.393680 0.301469 0.047516 0.045562
0 0.209539 0.108445 0.032203 0.031516
0 0.205117 0.247773 0.034891 0.034391
0 0.744211 0.286977 0.038734 0.035109
0 0.207945 0.150562 0.039047 0.036781
0 0.926766 0.562547 0.035719 0.037500
0 0.120633 0.544922 0.046359 0.043031
0 0.363234 0.972422 0.033500 0.032062
0 0.541117 0.220914 0.032453 0.036141
0 0.352602 0.127664 0.036984 0.036422
0 0.372977 0.612055 0.037578 0.035078
0 0.544531 0.266313 0.036281 0.037281
0 0.354383 0.083953 0.037484 0.032719
0 0.734844 0.695969 0.033875 0.031187
0 0.948422 0.151945 0.035344 0.031484
0 0.787984 0.453914 0.034781 0.033703
0 0.365281 0.763766 0.041625 0.036844
0 0.579836 0.880406 0.035641 0.036813
0 0.790742 0.500148 0.037891 0.035391
0 0.936531 0.453109 0.040500 0.041406
0 0.549352 0.176914 0.034359 0.028172
0 0.935336 0.355508 0.034891 0.035391
0 0.752227 0.112719 0.039203 0.038250
0 0.411031 0.114344 0.032844 0.028750
0 0.535102 0.561133 0.034109 0.028672
0 0.108906 0.771070 0.038312 0.035359
0 0.127352 0.492352 0.039422 0.040328
0 0.401313 0.166125 0.033906 0.032156
0 0.812164 0.090406 0.035547 0.035594
0 0.200227 0.290367 0.035922 0.033516
0 0.791789 0.582406 0.041859 0.037812
0 0.809023 0.135219 0.030234 0.032344
0 0.334383 0.326383 0.035516 0.033203
0 0.393570 0.261211 0.040328 0.034734
0 0.032969 0.017141 0.047688 0.033906
0 0.610641 0.160445 0.028125 0.028891
0 0.798734 0.316945 0.033250 0.029109
0 0.554164 0.051477 0.034391 0.029422
0 0.920945 0.821930 0.031141 0.029703
0 0.924930 0.766234 0.034953 0.039156
0 0.977266 0.795680 0.033781 0.034453
0 0.923586 0.663211 0.032453 0.033703
0 0.600062 0.333633 0.041531 0.038797
0 0.600078 0.498562 0.039094 0.035344
0 0.923133 0.712375 0.038578 0.038063
0 0.358484 0.039664 0.043938 0.038453
0 0.186281 0.562773 0.040281 0.036078
0 0.601406 0.374008 0.043438 0.038234
0 0.386492 0.449414 0.037578 0.033547
0 0.758273 0.064602 0.038016 0.036109
0 0.102930 0.866984 0.038578 0.036406
0 0.335102 0.278305 0.039203 0.040422
0 0.314219 0.683773 0.035656 0.038609
0 0.529547 0.640398 0.040094 0.037797
0 0.188086 0.521664 0.035516 0.030672
0 0.519945 0.769359 0.042797 0.038781
0 0.733805 0.775641 0.036266 0.030938
0 0.719891 0.867609 0.038031 0.032375
0 0.737961 0.649563 0.040766 0.034656
0 0.552438 0.090672 0.045906 0.038500
0 0.714773 0.953078 0.036578 0.030063
0 0.576562 0.920023 0.031719 0.026203
0 0.607539 0.288570 0.036672 0.032734
0 0.141336 0.273133 0.026578 0.029016
0 0.714273 0.910797 0.037484 0.031312
0 0.179602 0.659305 0.034109 0.032766
0 0.519297 0.939930 0.044937 0.037453
0 0.589109 0.628164 0.038094 0.031547
0 0.162648 0.843070 0.037453 0.037297
0 0.749000 0.155469 0.040437 0.035469
0 0.516563 0.813984 0.034531 0.032312
0 0.805195 0.178953 0.035891 0.032969
0 0.616906 0.116438 0.043344 0.042688
0 0.911117 0.962180 0.036953 0.034484
0 0.745070 0.241469 0.041516 0.034813
0 0.179219 0.616805 0.039188 0.037047
0 0.519437 0.855422 0.030781 0.027906
0 0.816672 0.043359 0.037750 0.036625
0 0.770813 0.979656 0.042250 0.039875
0 0.174727 0.755117 0.031453 0.026609
0 0.605555 0.202781 0.029641 0.029312
0 0.094195 0.908586 0.031797 0.030797
0 0.797898 0.362500 0.026172 0.026938
0 0.793000 0.412773 0.028531 0.027547
0 0.014336 0.316172 0.028109 0.045812
0 0.577187 0.962055 0.033312 0.033391
0 0.156844 0.935273 0.038156 0.034391
0 0.021891 0.166516 0.035031 0.032750
0 0.974430 0.944531 0.031703 0.028781
0 0.787227 0.680117 0.033078 0.025266
0 0.156906 0.884844 0.035937 0.029562
0 0.372117 0.665539 0.036609 0.037297
0 0.531578 0.597516 0.031562 0.028719
0 0.348281 0.182703 0.026031 0.025125
0 0.129336 0.361305 0.034953 0.034797
0 0.534922 0.518031 0.037531 0.035438
0 0.119836 0.725445 0.033453 0.031297
0 0.310375 0.630914 0.030219 0.032266
0 0.385711 0.351016 0.028578 0.029094
0 0.737625 0.601500 0.040031 0.035969
0 0.391930 0.210672 0.023641 0.026937
0 0.782961 0.761336 0.039297 0.031578
0 0.133344 0.403586 0.029156 0.027047
0 0.358414 0.923867 0.029547 0.028391
0 0.598500 0.458047 0.029031 0.027469
0 0.140750 0.316945 0.028812 0.029234
0 0.617969 0.073656 0.036625 0.030625
0 0.596742 0.541930 0.043641 0.033641
0 0.536305 0.477555 0.032578 0.029047
0 0.170187 0.794914 0.026187 0.027609
0 0.146273 0.178664 0.026672 0.026359
0 0.117188 0.589219 0.031813 0.030281
0 0.922094 0.867758 0.038063 0.032078
0 0.986930 0.537359 0.025391 0.029094
0 0.598477 0.415594 0.032922 0.027000
0 0.986516 0.484789 0.026781 0.033922
0 0.307398 0.988969 0.039234 0.020562
0 0.750492 0.203156 0.026047 0.024844
0 0.965414 0.012469 0.037547 0.024719
0 0.744922 0.379406 0.031062 0.027500
0 0.779523 0.891711 0.039328 0.027328
0 0.150938 0.038547 0.031719 0.032344
0 0.770453 0.935688 0.033375 0.031594
0 0.540148 0.391633 0.030766 0.026203
0 0.014086 0.372039 0.027703 0.051859
0 0.779320 0.802344 0.042234 0.033969
0 0.537750 0.355125 0.031812 0.029719
0 0.190859 0.423938 0.028688 0.026094
0 0.155633 0.984195 0.029203 0.029703
0 0.796078 0.536609 0.028969 0.026437
0 0.530062 0.731117 0.033563 0.033078
0 0.333211 0.377039 0.037922 0.040391
0 0.741500 0.466711 0.031969 0.028109
0 0.510039 0.980273 0.047984 0.037984
0 0.708258 0.989352 0.046109 0.019797
0 0.743602 0.551445 0.032422 0.027641
0 0.008617 0.474602 0.017234 0.028828
0 0.580148 0.839344 0.029016 0.028281
0 0.008109 0.523195 0.016219 0.040891
0 0.536492 0.431039 0.031234 0.029547
0 0.008492 0.419195 0.016984 0.036234
0 0.013164 0.265813 0.021891 0.023625
