0 0.693578 0.109352 0.047344 0.043734
0 0.648813 0.286758 0.061406 0.050391
0 0.806031 0.122914 0.056687 0.046922
0 0.459648 0.495484 0.059703 0.054594
0 0.689734 0.055906 0.050469 0.048188
0 0.702797 0.208859 0.048094 0.041375
0 0.861008 0.059305 0.060641 0.049672
0 0.328305 0.761617 0.064734 0.058234
0 0.495133 0.166570 0.051391 0.046109
0 0.410836 0.811656 0.055672 0.053719
0 0.627695 0.033219 0.053359 0.042375
0 0.638055 0.185258 0.049516 0.042766
0 0.697984 0.160109 0.044781 0.041156
0 0.807922 0.257547 0.040219 0.039219
0 0.493703 0.122422 0.042531 0.035594
0 0.792516 0.399586 0.046469 0.049234
0 0.080687 0.221000 0.045438 0.046344
0 0.270484 0.484461 0.044906 0.043297
0 0.852187 0.429414 0.057062 0.057297
0 0.630852 0.081469 0.055766 0.052188
0 0.710227 0.311336 0.048797 0.042672
0 0.303367 0.623188 0.046359 0.045125
0 0.337969 0.542797 0.051406 0.051000
0 0.861031 0.108586 0.042812 0.038078
0 0.714172 0.359344 0.051219 0.042344
0 0.706828 0.260289 0.045312 0.044797
0 0.290133 0.170492 0.042984 0.041797
0 0.315688 0.405406 0.051750 0.047656
0 0.253516 0.286242 0.041125 0.037141
0 0.237375 0.145836 0.050875 0.041953
0 0.259453 0.385187 0.037031 0.038406
0 0.715711 0.404195 0.052797 0.055203
0 0.283570 0.032414 0.043484 0.039953
0 0.651727 0.337672 0.051578 0.045750
0 0.298688 0.258391 0.036281 0.037375
0 0.807438 0.212383 0.040781 0.039922
0 0.498180 0.298383 0.054391 0.047078
0 0.393289 0.901242 0.049266 0.048578
0 0.497813 0.383844 0.037563 0.034250
0 0.322664 0.711148 0.040641 0.038672
0 0.449359 0.405477 0.047656 0.048484
0 0.288430 0.573664 0.058266 0.050953
0 0.644047 0.233828 0.044844 0.039938
0 0.514234 0.968961 0.053719 0.058828
0 0.798055 0.348992 0.039703 0.037984
0 0.652039 0.883180 0.045953 0.050891
0 0.375031 0.722422 0.045719 0.041969
0 0.232234 0.098359 0.052500 0.047656
0 0.520156 0.511852 0.045219 0.040578
0 0.494352 0.251359 0.046484 0.041219
0 0.304422 0.309664 0.035375 0.037797
0 0.287070 0.122828 0.037297 0.034281
0 0.350570 0.813531 0.048953 0.044969
0 0.856062 0.197375 0.039813 0.035656
0 0.965195 0.821016 0.040859 0.035875
0 0.491023 0.076398 0.039359 0.037672
0 0.556086 0.696883 0.037641 0.035672
0 0.686352 0.015547 0.052578 0.030906
0 0.719594 0.869828 0.043562 0.044344
0 0.977992 0.558633 0.043203 0.044172
0 0.577516 0.619000 0.048719 0.048562
0 0.284867 0.081852 0.042328 0.038891
0 0.075063 0.017297 0.053781 0.034437
0 0.434039 0.139586 0.037141 0.038453
0 0.743461 0.910547 0.044578 0.043188
0 0.229016 0.052062 0.056719 0.049562
0 0.256102 0.333023 0.036422 0.040641
0 0.438031 0.234023 0.034937 0.035047
0 0.514242 0.624375 0.058359 0.051094
0 0.679781 0.910766 0.045500 0.049281
0 0.391930 0.766375 0.052953 0.049719
0 0.638531 0.137500 0.038094 0.037656
0 0.861867 0.152836 0.045703 0.040328
0 0.438984 0.274953 0.034969 0.033688
0 0.069914 0.099320 0.046141 0.044766
0 0.765898 0.947898 0.040516 0.038922
0 0.807008 0.168094 0.042891 0.038219
0 0.482891 0.928484 0.059531 0.060281
0 0.803664 0.077133 0.041297 0.040172
0 0.448266 0.977148 0.056469 0.044328
0 0.806594 0.029180 0.046000 0.042078
0 0.493938 0.210945 0.035594 0.030859
0 0.711984 0.950969 0.041563 0.042531
0 0.310672 0.358430 0.035000 0.033234
0 0.851164 0.374758 0.057422 0.047672
0 0.957437 0.983820 0.044875 0.031266
0 0.983109 0.475945 0.033094 0.040734
0 0.570961 0.736727 0.039672 0.035266
0 0.852367 0.281352 0.044953 0.040172
0 0.243070 0.238195 0.036422 0.037078
0 0.437727 0.189180 0.034328 0.033016
0 0.496148 0.587234 0.046734 0.041937
0 0.849336 0.325828 0.054266 0.048969
0 0.365586 0.679148 0.040359 0.033859
0 0.236188 0.189812 0.045750 0.040469
0 0.973531 0.742516 0.029906 0.026656
0 0.354484 0.637336 0.031000 0.032703
0 0.594742 0.771352 0.037203 0.034828
0 0.506812 0.466500 0.038594 0.038875
0 0.418578 0.943750 0.043750 0.045312
0 0.863734 0.016563 0.045969 0.032781
0 0.960828 0.862906 0.038625 0.035375
0 0.013461 0.200414 0.026484 0.044391
0 0.691828 0.835469 0.035219 0.032375
0 0.446305 0.362906 0.050734 0.044625
0 0.506125 0.425219 0.039250 0.032500
0 0.653625 0.386477 0.042625 0.036172
0 0.971375 0.780687 0.038969 0.034250
0 0.976789 0.706578 0.031672 0.031344
0 0.853078 0.240203 0.042750 0.039562
0 0.491352 0.027234 0.038828 0.034937
0 0.455227 0.893563 0.045859 0.046719
0 0.959953 0.945625 0.041437 0.033156
0 0.346414 0.591938 0.030016 0.032688
0 0.433320 0.046164 0.026453 0.030016
0 0.019195 0.111992 0.038266 0.043078
0 0.614773 0.694398 0.040391 0.036234
0 0.792125 0.979188 0.042687 0.040344
0 0.433680 0.092383 0.030547 0.030922
0 0.601422 0.652789 0.040375 0.040828
0 0.983445 0.514938 0.032328 0.031813
0 0.733586 0.983719 0.042484 0.030656
0 0.071250 0.175617 0.041188 0.033359
0 0.984516 0.269648 0.030656 0.045797
0 0.269648 0.432180 0.045141 0.041016
0 0.806203 0.300242 0.032969 0.032516
0 0.430641 0.012008 0.037094 0.023828
0 0.634117 0.729469 0.039984 0.034750
0 0.981180 0.397344 0.037109 0.044906
0 0.280711 0.528719 0.042047 0.038000
0 0.070305 0.138992 0.040109 0.032516
0 0.962719 0.907719 0.035094 0.032531
0 0.019711 0.069500 0.037922 0.033844
0 0.319383 0.450906 0.028734 0.030687
0 0.495211 0.338789 0.032328 0.029953
0 0.436437 0.851141 0.032375 0.032969
0 0.443828 0.317750 0.035219 0.033313
0 0.309500 0.671148 0.040719 0.034047
0 0.377883 0.855578 0.038891 0.035000
0 0.982203 0.670039 0.033625 0.029578
0 0.669977 0.798547 0.037172 0.037844
0 0.071836 0.056172 0.039109 0.031000
0 0.983352 0.435148 0.032672 0.035859
0 0.655125 0.429453 0.048250 0.042969
0 0.611437 0.806984 0.042750 0.033250
0 0.986273 0.314242 0.027109 0.033766
0 0.535359 0.655070 0.038594 0.033859
0 0.481930 0.545070 0.023484 0.025734
0 0.564164 0.580156 0.039641 0.034094
0 0.542180 0.551219 0.037203 0.036406
0 0.978820 0.595773 0.040391 0.033703
0 0.903562 0.355359 0.028750 0.031156
0 0.534453 0.225781 0.024656 0.029719
0 0.990023 0.135336 0.019953 0.045203
0 0.014664 0.982969 0.029328 0.034062
0 0.019445 0.158000 0.038891 0.040125
0 0.641641 0.842609 0.043344 0.028906
0 0.655281 0.764758 0.038531 0.027297
