0 0.009844 0.195469 0.018031 0.036062
0 0.060312 0.250469 0.027187 0.030594
0 0.134453 0.055680 0.024844 0.027578
0 0.134859 0.447672 0.035281 0.033906
0 0.035492 0.388687 0.030172 0.032156
0 0.021719 0.256070 0.041000 0.045172
0 0.125750 0.192562 0.035531 0.037062
0 0.085687 0.195008 0.031469 0.036297
0 0.132000 0.626758 0.043031 0.041141
0 0.097289 0.446688 0.029609 0.032906
0 0.071289 0.574930 0.030484 0.032953
0 0.032531 0.573438 0.032813 0.037063
0 0.062945 0.053836 0.031328 0.034828
0 0.977922 0.372586 0.043188 0.043734
0 0.966430 0.680578 0.040641 0.034906
0 0.983789 0.013734 0.031859 0.027156
0 0.167516 0.191602 0.031906 0.032484
0 0.984070 0.981188 0.031016 0.036656
0 0.101242 0.056758 0.031328 0.034266
0 0.215695 0.066422 0.032391 0.033625
0 0.975328 0.418406 0.048906 0.051750
0 0.945531 0.916125 0.053594 0.048250
0 0.963555 0.769719 0.045828 0.041531
0 0.951969 0.863406 0.055781 0.048219
0 0.961258 0.723258 0.052516 0.046359
0 0.979008 0.274305 0.041078 0.046109
0 0.971562 0.589438 0.056875 0.049188
0 0.157281 0.383930 0.041688 0.044953
0 0.942547 0.971758 0.047531 0.053297
0 0.975328 0.508258 0.048906 0.049047
0 0.967836 0.638047 0.048609 0.042969
0 0.977422 0.330914 0.044562 0.048328
0 0.957461 0.814148 0.038828 0.035547
0 0.173609 0.058648 0.036594 0.039672
0 0.984898 0.187648 0.029641 0.037797
0 0.983820 0.101758 0.031766 0.043422
0 0.113414 0.387359 0.035547 0.041094
0 0.043953 0.197242 0.036156 0.041797
0 0.972852 0.547898 0.054266 0.042672
0 0.055977 0.621117 0.031141 0.037141
0 0.057148 0.448281 0.035672 0.036500
0 0.190695 0.251469 0.035641 0.040219
0 0.015688 0.448875 0.031156 0.048438
0 0.098859 0.251859 0.036250 0.036250
0 0.118562 0.575148 0.035656 0.038141
0 0.025078 0.052508 0.034344 0.041672
0 0.984930 0.052359 0.029578 0.040844
0 0.094695 0.623961 0.030016 0.038203
0 0.018539 0.625719 0.034547 0.044219
0 0.074250 0.388516 0.033000 0.034625
0 0.980656 0.463648 0.037469 0.036578
0 0.985359 0.147336 0.029031 0.033984
0 0.143039 0.250437 0.034047 0.035844
0 0.983266 0.231484 0.032719 0.037344
