0 0.010266 0.720984 0.020531 0.034719
0 0.733594 0.954820 0.060562 0.057203
0 0.815945 0.261516 0.042922 0.038406
0 0.270930 0.483578 0.040297 0.034469
0 0.774531 0.635477 0.039969 0.037672
0 0.822398 0.174586 0.037797 0.035859
0 0.059000 0.201336 0.040563 0.036078
0 0.240586 0.086688 0.036734 0.035844
0 0.858000 0.381945 0.038188 0.036891
0 0.196734 0.561203 0.032625 0.034875
0 0.778930 0.587414 0.039672 0.036578
0 0.187898 0.660352 0.033922 0.032953
0 0.218898 0.323602 0.033859 0.035141
0 0.236766 0.183148 0.035656 0.034016
0 0.074055 0.072320 0.033609 0.032547
0 0.236945 0.135133 0.035984 0.032547
0 0.792016 0.492484 0.039000 0.041062
0 0.301531 0.159688 0.034281 0.033000
0 0.296680 0.252148 0.031016 0.030578
0 0.396781 0.622437 0.030781 0.031438
0 0.054547 0.330711 0.037406 0.034734
0 0.036430 0.464633 0.033047 0.030672
0 0.062820 0.158945 0.033422 0.031297
0 0.061312 0.246258 0.032000 0.030922
0 0.022273 0.592852 0.036547 0.038047
0 0.825102 0.080297 0.038172 0.037094
0 0.740906 0.909883 0.038031 0.034359
0 0.259695 0.585539 0.031391 0.032891
0 0.049102 0.378984 0.036953 0.040219
0 0.809187 0.351789 0.040750 0.036703
0 0.810703 0.758398 0.034531 0.032859
0 0.796484 0.447398 0.037063 0.035266
0 0.823656 0.036477 0.034219 0.032047
0 0.158914 0.840719 0.031172 0.031219
0 0.369914 0.896383 0.030797 0.030484
0 0.441961 0.087883 0.031859 0.034516
0 0.744672 0.865687 0.036469 0.037562
0 0.806063 0.799938 0.035531 0.034375
0 0.761945 0.728148 0.033703 0.031703
0 0.823883 0.663836 0.032859 0.031234
0 0.956375 0.683180 0.032906 0.032516
0 0.795086 0.890266 0.034016 0.033250
0 0.840109 0.572414 0.033563 0.032984
0 0.050055 0.422086 0.029828 0.030578
0 0.850266 0.477297 0.032750 0.029531
0 0.819977 0.215391 0.034297 0.030219
0 0.471219 0.376664 0.028344 0.029922
0 0.823555 0.127883 0.033078 0.029953
0 0.304070 0.113375 0.031172 0.031156
0 0.750063 0.817531 0.033031 0.031250
0 0.197414 0.502977 0.028766 0.030391
0 0.789875 0.936602 0.032750 0.033078
0 0.019047 0.088227 0.031406 0.032766
0 0.282430 0.340852 0.029016 0.028734
0 0.065203 0.116352 0.031156 0.030891
0 0.815719 0.711062 0.032969 0.031062
0 0.417812 0.347945 0.026719 0.029078
0 0.246531 0.039414 0.029469 0.028703
0 0.785648 0.541656 0.033984 0.028563
0 0.059258 0.287289 0.029578 0.028797
0 0.877281 0.152680 0.034625 0.033953
0 0.032477 0.507656 0.032672 0.031438
0 0.264367 0.533406 0.029203 0.030656
0 0.464469 0.509062 0.028937 0.029719
0 0.420055 0.308422 0.024703 0.027312
0 0.464555 0.466078 0.029234 0.027937
0 0.296953 0.206969 0.027937 0.026875
0 0.856336 0.427695 0.031984 0.030297
0 0.229242 0.228992 0.029172 0.030453
0 0.875258 0.290852 0.030609 0.028078
0 0.385641 0.708062 0.029063 0.029531
0 0.153352 0.885836 0.026422 0.028016
0 0.373758 0.800047 0.027703 0.028313
0 0.487766 0.153867 0.029563 0.027641
0 0.016883 0.640492 0.028797 0.030703
0 0.310070 0.067125 0.028203 0.028219
0 0.025812 0.549977 0.030969 0.030422
0 0.877203 0.201086 0.031188 0.030641
0 0.880852 0.014602 0.033672 0.028766
0 0.877961 0.245312 0.033891 0.031219
0 0.447937 0.645805 0.026000 0.028891
0 0.268609 0.434570 0.026375 0.030828
0 0.842969 0.521344 0.032937 0.031094
0 0.831531 0.616117 0.032344 0.028078
0 0.478984 0.247008 0.028375 0.029391
0 0.473586 0.292016 0.026203 0.026062
0 0.456531 0.601187 0.028281 0.031969
0 0.079469 0.026078 0.034500 0.032156
0 0.927758 0.862289 0.030109 0.031016
0 0.433180 0.171648 0.025578 0.029391
0 0.920633 0.913531 0.028609 0.027313
0 0.812289 0.307789 0.034609 0.028141
0 0.866398 0.335445 0.028359 0.029172
0 0.148461 0.981180 0.030547 0.027234
0 0.208867 0.364719 0.028578 0.029875
0 0.411133 0.483539 0.026984 0.027828
0 0.192453 0.604617 0.027156 0.027703
0 0.016281 0.679438 0.028750 0.028750
0 0.475570 0.329414 0.028359 0.027641
0 0.918797 0.963898 0.025469 0.030391
0 0.153203 0.932367 0.028625 0.028516
0 0.404820 0.571609 0.024516 0.028719
0 0.407914 0.526500 0.027172 0.029563
0 0.755570 0.772703 0.032141 0.030688
0 0.882164 0.056625 0.031672 0.032469
0 0.013453 0.132875 0.026156 0.034125
0 0.380883 0.752492 0.025453 0.028203
0 0.799750 0.843383 0.035000 0.033391
0 0.362187 0.940445 0.026531 0.029203
0 0.491563 0.115305 0.026094 0.026766
0 0.768812 0.681336 0.029563 0.026703
0 0.459172 0.417484 0.024750 0.025250
0 0.287258 0.293773 0.027422 0.025672
0 0.166875 0.797617 0.032656 0.029203
0 0.932719 0.820438 0.026031 0.026594
0 0.801930 0.401164 0.031859 0.033484
0 0.204203 0.412547 0.027656 0.030000
0 0.449805 0.039555 0.031453 0.028516
0 0.225344 0.268469 0.030063 0.026500
0 0.958422 0.633477 0.024188 0.027141
0 0.179367 0.701227 0.026703 0.030359
0 0.501445 0.068570 0.029109 0.028859
0 0.204836 0.458219 0.025359 0.031312
0 0.968086 0.945773 0.026578 0.027453
0 0.425930 0.265289 0.024609 0.029359
0 0.879984 0.106633 0.032938 0.030578
0 0.978266 0.405797 0.026281 0.026719
0 0.950539 0.727102 0.026641 0.025891
0 0.943547 0.776305 0.026562 0.027547
0 0.276250 0.386523 0.023094 0.026328
0 0.967297 0.589867 0.024750 0.029078
0 0.973156 0.502977 0.027625 0.026859
0 0.507375 0.018664 0.028375 0.030516
0 0.345422 0.980609 0.024594 0.025125
0 0.437422 0.130734 0.024125 0.024938
0 0.971141 0.545031 0.024844 0.026125
0 0.976281 0.893602 0.027438 0.025766
0 0.373148 0.848078 0.024609 0.029625
0 0.008875 0.763945 0.017750 0.038234
0 0.977789 0.452047 0.027578 0.030906
0 0.171641 0.754336 0.025562 0.025953
0 0.007938 0.176492 0.015875 0.031422
0 0.783539 0.981023 0.027047 0.026359
0 0.665930 0.214938 0.037953 0.040313
0 0.006516 0.814867 0.013031 0.037828
