0 0.955383 0.058109 0.049484 0.049469
0 0.723602 0.105914 0.060266 0.056516
0 0.204039 0.436180 0.046828 0.043047
0 0.510891 0.196977 0.051781 0.045297
0 0.176078 0.680281 0.052937 0.048219
0 0.174703 0.731977 0.059312 0.052953
0 0.931398 0.234453 0.043609 0.038531
0 0.639570 0.397609 0.041547 0.037687
0 0.521516 0.147148 0.050563 0.045484
0 0.041547 0.635852 0.041812 0.043484
0 0.290383 0.206937 0.059234 0.059000
0 0.632836 0.884477 0.039828 0.039047
0 0.231641 0.761266 0.042281 0.043312
0 0.197227 0.525547 0.050328 0.047469
0 0.629641 0.935836 0.044781 0.043672
0 0.273797 0.365875 0.051594 0.057219
0 0.204711 0.960195 0.041672 0.037859
0 0.960383 0.948047 0.039672 0.037500
0 0.443063 0.784828 0.040250 0.039094
0 0.857633 0.382453 0.055984 0.047812
0 0.263281 0.511969 0.047219 0.045781
0 0.245219 0.661289 0.042594 0.040203
0 0.369547 0.883461 0.039938 0.036891
0 0.165523 0.781930 0.048641 0.041203
0 0.415883 0.482562 0.045078 0.040031
0 0.442281 0.294836 0.059094 0.049672
0 0.828422 0.510836 0.041750 0.038891
0 0.267242 0.462336 0.041016 0.038016
0 0.447789 0.734031 0.044859 0.042687
0 0.250508 0.609992 0.044578 0.042234
0 0.233273 0.710977 0.036859 0.037047
0 0.288758 0.264484 0.056234 0.056125
0 0.420391 0.962680 0.049406 0.045766
0 0.153961 0.023797 0.043016 0.047125
0 0.382930 0.795242 0.043172 0.043703
0 0.658609 0.673703 0.042094 0.035813
0 0.396328 0.661219 0.037250 0.036469
0 0.695195 0.383508 0.041234 0.035453
0 0.218859 0.233117 0.048594 0.041953
0 0.895492 0.497820 0.045297 0.042047
0 0.947844 0.108750 0.053875 0.045500
0 0.872312 0.128953 0.062031 0.061187
0 0.466273 0.556711 0.041922 0.036484
0 0.217156 0.185219 0.052188 0.047313
0 0.872117 0.208836 0.060234 0.051172
0 0.794711 0.675633 0.049172 0.038953
0 0.058773 0.467148 0.041547 0.042297
0 0.912633 0.411211 0.043828 0.039859
0 0.479438 0.467352 0.041969 0.039234
0 0.846266 0.819578 0.040844 0.037906
0 0.502313 0.284875 0.045781 0.040375
0 0.185156 0.629430 0.046687 0.043609
0 0.023625 0.051070 0.047250 0.047516
0 0.160945 0.830266 0.041672 0.042312
0 0.447813 0.122797 0.048375 0.044063
0 0.210805 0.912836 0.044578 0.043516
0 0.139672 0.975125 0.052594 0.049125
0 0.658180 0.216969 0.044453 0.044625
0 0.880328 0.081641 0.063625 0.052750
0 0.191117 0.578906 0.043391 0.042344
0 0.864844 0.336578 0.040656 0.035906
0 0.205406 0.378164 0.067375 0.061578
0 0.629945 0.483938 0.035672 0.036031
0 0.475680 0.511398 0.041172 0.036859
0 0.654492 0.756102 0.036984 0.035516
0 0.685664 0.509867 0.043391 0.041109
0 0.217625 0.861633 0.037094 0.035141
0 0.218625 0.281109 0.050156 0.050594
0 0.971359 0.900508 0.033969 0.036297
0 0.697078 0.424836 0.040906 0.034547
0 0.979969 0.771586 0.039375 0.044203
0 0.574297 0.959516 0.031906 0.030312
0 0.450172 0.168938 0.045750 0.040406
0 0.029586 0.712844 0.039859 0.038375
0 0.806352 0.635844 0.039109 0.036438
0 0.596141 0.732711 0.037219 0.032641
0 0.920672 0.323016 0.045219 0.042406
0 0.712391 0.292148 0.035688 0.039516
0 0.664820 0.132125 0.042953 0.039375
0 0.862320 0.663969 0.049109 0.042000
0 0.422336 0.437797 0.047891 0.038656
0 0.659047 0.173781 0.040781 0.032250
0 0.489953 0.376805 0.038000 0.038328
0 0.581594 0.911562 0.036125 0.034688
0 0.777898 0.884211 0.040078 0.035922
0 0.147437 0.925969 0.050375 0.046438
0 0.217750 0.813734 0.035875 0.035438
0 0.782648 0.838523 0.044047 0.042234
0 0.666695 0.634453 0.042828 0.034094
0 0.766375 0.964352 0.042500 0.037641
0 0.674133 0.558156 0.033547 0.032125
0 0.428203 0.910961 0.037563 0.034516
0 0.887758 0.034586 0.042453 0.039297
0 0.635156 0.438164 0.036969 0.032891
0 0.793500 0.715750 0.033125 0.028812
0 0.076219 0.249617 0.049750 0.040891
0 0.447961 0.213516 0.049328 0.045094
0 0.199641 0.017289 0.039625 0.034172
0 0.484977 0.422578 0.030641 0.030312
0 0.063344 0.421961 0.031563 0.030609
0 0.718156 0.239000 0.039906 0.038406
0 0.436836 0.828656 0.036047 0.031375
0 0.647570 0.354969 0.032203 0.031875
0 0.459070 0.642953 0.036641 0.037500
0 0.432984 0.339250 0.054688 0.044875
0 0.619023 0.568477 0.039109 0.034516
0 0.357289 0.975406 0.035016 0.037562
0 0.433633 0.871180 0.035797 0.030109
0 0.850711 0.777430 0.039391 0.035359
0 0.972789 0.851789 0.040891 0.035078
0 0.406312 0.572859 0.033094 0.033000
0 0.074609 0.336391 0.052188 0.046656
0 0.956273 0.986391 0.042891 0.026781
0 0.657969 0.713242 0.043375 0.037734
0 0.153734 0.879375 0.044500 0.042094
0 0.839391 0.465414 0.037156 0.036234
0 0.078812 0.208844 0.039125 0.033406
0 0.865164 0.622070 0.036172 0.031672
0 0.837187 0.902734 0.036906 0.030375
0 0.702281 0.337844 0.034281 0.033375
0 0.885391 0.536383 0.042750 0.038328
0 0.423578 0.387398 0.040781 0.036391
0 0.942945 0.151719 0.049547 0.043594
0 0.254336 0.557469 0.028578 0.033875
0 0.455234 0.687719 0.035344 0.033563
0 0.047805 0.552336 0.033453 0.030672
0 0.604758 0.688641 0.034922 0.033000
0 0.071359 0.379586 0.039188 0.038578
0 0.111273 0.035164 0.036797 0.043141
0 0.660523 0.088523 0.039953 0.037453
0 0.651133 0.265992 0.042297 0.039453
0 0.392461 0.703734 0.034453 0.034312
0 0.496461 0.326102 0.038047 0.034109
0 0.506516 0.242789 0.048844 0.043953
0 0.727469 0.154750 0.045375 0.039875
0 0.773164 0.923344 0.027953 0.027594
0 0.019508 0.271305 0.038766 0.039016
0 0.866664 0.292016 0.038547 0.032375
0 0.643016 0.839930 0.035188 0.035359
0 0.848398 0.423219 0.039328 0.033656
0 0.788000 0.753445 0.035125 0.030203
0 0.593461 0.776461 0.030078 0.030641
0 0.023727 0.750898 0.039297 0.034109
0 0.582586 0.866320 0.031172 0.028297
0 0.652047 0.796992 0.028219 0.029172
0 0.617695 0.612484 0.034109 0.033437
0 0.925492 0.279031 0.046953 0.040375
0 0.844547 0.861664 0.033188 0.032578
0 0.724437 0.197250 0.031750 0.029844
0 0.785234 0.792977 0.051531 0.041766
0 0.853219 0.736984 0.040406 0.034750
0 0.652789 0.310641 0.030328 0.031813
0 0.813648 0.590758 0.031641 0.032203
0 0.871836 0.250578 0.053578 0.043969
0 0.622484 0.981000 0.043125 0.036562
0 0.608750 0.647555 0.031750 0.029641
0 0.938000 0.193180 0.039438 0.031984
0 0.075594 0.293516 0.051656 0.040281
0 0.626516 0.527859 0.030656 0.029031
0 0.053492 0.509523 0.028391 0.029766
0 0.402453 0.613602 0.030875 0.033953
0 0.913781 0.365750 0.035188 0.032719
0 0.821250 0.550062 0.028156 0.027250
0 0.411062 0.527391 0.027125 0.028188
0 0.013562 0.484125 0.026750 0.048187
0 0.904422 0.451336 0.040875 0.033859
0 0.858211 0.704430 0.029047 0.025984
0 0.272000 0.419359 0.037781 0.033875
0 0.013641 0.832672 0.026375 0.032281
0 0.042516 0.590820 0.030156 0.028078
0 0.697727 0.464047 0.034484 0.029687
0 0.369125 0.844703 0.029531 0.028375
0 0.444648 0.253000 0.029766 0.026656
0 0.365102 0.926617 0.030734 0.030359
0 0.022930 0.790766 0.037609 0.031219
0 0.204789 0.477086 0.031391 0.028891
0 0.588797 0.822320 0.028781 0.030078
0 0.244547 0.015000 0.042500 0.029656
0 0.987547 0.727969 0.024906 0.029281
0 0.875313 0.580852 0.029813 0.025203
0 0.835219 0.941031 0.045719 0.039625
0 0.570984 0.991898 0.029813 0.015453
0 0.464758 0.596211 0.033266 0.029922
0 0.011227 0.876711 0.022453 0.033047
0 0.829813 0.979602 0.053156 0.040297
0 0.664953 0.597828 0.033375 0.027187
0 0.065336 0.031672 0.025578 0.024969
0 0.988852 0.686773 0.022297 0.036547
0 0.013828 0.393414 0.027625 0.053547
0 0.006227 0.919148 0.012453 0.028766
0 0.008141 0.563859 0.016281 0.043750
0 0.018313 0.313227 0.035687 0.038297
0 0.009797 0.438047 0.019594 0.032156
0 0.973281 0.810750 0.053438 0.037469
0 0.213367 0.325883 0.076297 0.044391
