0 0.914422 0.698953 0.027187 0.028906
0 0.484094 0.921031 0.034719 0.034375
0 0.963328 0.211031 0.035344 0.033594
0 0.171125 0.552063 0.032250 0.031469
0 0.548828 0.095945 0.029750 0.034078
0 0.965102 0.064953 0.031734 0.029906
0 0.971539 0.669492 0.036516 0.036953
0 0.489461 0.547352 0.031828 0.033109
0 0.560000 0.439789 0.030031 0.028859
0 0.585094 0.213820 0.029031 0.030484
0 0.529352 0.286375 0.031766 0.032937
0 0.483273 0.827508 0.030953 0.030016
0 0.539297 0.186445 0.032250 0.032641
0 0.771531 0.639414 0.027969 0.029297
0 0.597750 0.120016 0.029906 0.031844
0 0.961047 0.815445 0.030125 0.029516
0 0.913961 0.648789 0.031359 0.032734
0 0.555328 0.482492 0.032281 0.031547
0 0.174750 0.599086 0.030750 0.029672
0 0.914836 0.596047 0.030734 0.030844
0 0.962023 0.161586 0.033391 0.030578
0 0.776602 0.596031 0.030359 0.029062
0 0.599844 0.071703 0.029938 0.031094
0 0.802500 0.164938 0.029188 0.028313
0 0.184414 0.326742 0.032922 0.030766
0 0.123133 0.440703 0.030484 0.029625
0 0.916313 0.840836 0.030500 0.029547
0 0.539391 0.939578 0.031281 0.032406
0 0.715641 0.762937 0.030219 0.031094
0 0.719992 0.810156 0.029922 0.031344
0 0.132445 0.835258 0.032109 0.030453
0 0.778250 0.498562 0.028781 0.032437
0 0.181516 0.284727 0.033000 0.030984
0 0.774008 0.691547 0.027984 0.026844
0 0.127438 0.748664 0.033250 0.031734
0 0.537625 0.237539 0.032000 0.032453
0 0.489031 0.690625 0.032906 0.030188
0 0.714836 0.713578 0.029797 0.030687
0 0.171664 0.637883 0.029453 0.029328
0 0.490281 0.740461 0.026906 0.028109
0 0.804453 0.111859 0.028375 0.028469
0 0.772914 0.784211 0.028359 0.030453
0 0.731711 0.424367 0.029172 0.031297
0 0.486570 0.872719 0.030391 0.029562
0 0.541336 0.810875 0.026984 0.031750
0 0.962703 0.767188 0.027594 0.026594
0 0.914906 0.791250 0.029500 0.028656
0 0.974891 0.526430 0.026469 0.029422
0 0.546875 0.140297 0.027063 0.029563
0 0.182273 0.238516 0.029359 0.030125
0 0.953750 0.920977 0.026750 0.028172
0 0.717883 0.663508 0.027766 0.030016
0 0.594805 0.164773 0.027359 0.031266
0 0.521672 0.380164 0.030844 0.032891
0 0.958664 0.261359 0.029234 0.029219
0 0.718969 0.520844 0.023156 0.025625
0 0.207703 0.888984 0.030531 0.030406
0 0.807063 0.068094 0.028906 0.029469
0 0.505516 0.414336 0.029031 0.030266
0 0.785227 0.399266 0.026984 0.029031
0 0.547477 0.672969 0.026891 0.028062
0 0.950437 0.972516 0.028781 0.030250
0 0.541984 0.850367 0.024563 0.028828
0 0.485648 0.784164 0.031609 0.030734
0 0.130047 0.353891 0.026375 0.027250
0 0.496492 0.502141 0.028016 0.030813
0 0.975781 0.480086 0.028000 0.029891
0 0.542656 0.720352 0.024500 0.027016
0 0.534023 0.768117 0.026266 0.027703
0 0.527469 0.329195 0.031344 0.029641
0 0.133469 0.178445 0.027094 0.026953
0 0.542602 0.894117 0.025547 0.028078
0 0.117250 0.573516 0.024562 0.027156
0 0.780617 0.446875 0.024828 0.029125
0 0.710102 0.908172 0.026828 0.029250
0 0.758234 0.882742 0.024844 0.025672
0 0.777852 0.547656 0.026016 0.029000
0 0.172766 0.509266 0.027000 0.027562
0 0.114828 0.620703 0.029937 0.029906
0 0.552461 0.622383 0.026672 0.029297
0 0.967570 0.620383 0.030516 0.029078
0 0.549016 0.984406 0.030125 0.029563
0 0.985391 0.333852 0.027875 0.029547
0 0.765781 0.833141 0.029969 0.030094
0 0.918102 0.742594 0.025734 0.026906
0 0.810773 0.026500 0.027766 0.026094
0 0.134594 0.137797 0.026313 0.027500
0 0.565609 0.400594 0.027844 0.029219
0 0.119039 0.530805 0.026172 0.026047
0 0.906312 0.945508 0.031250 0.029578
0 0.553648 0.574008 0.025297 0.027641
0 0.034773 0.971930 0.028828 0.031141
0 0.189461 0.073570 0.030984 0.030859
0 0.500867 0.457523 0.027328 0.030891
0 0.576664 0.308086 0.029766 0.029203
0 0.789625 0.304227 0.025875 0.027828
0 0.553328 0.530820 0.026594 0.026328
0 0.744789 0.282016 0.025734 0.028812
0 0.126875 0.310258 0.027969 0.031328
0 0.796164 0.261375 0.025922 0.027125
0 0.129961 0.219984 0.027672 0.027281
0 0.217141 0.933781 0.031313 0.029812
0 0.933016 0.403313 0.027125 0.027750
0 0.718109 0.857656 0.026594 0.029156
0 0.758633 0.089016 0.027797 0.030688
0 0.721539 0.567453 0.027141 0.026312
0 0.923250 0.547687 0.028219 0.029750
0 0.927719 0.499430 0.028125 0.027172
0 0.749828 0.185688 0.030063 0.028531
0 0.755219 0.138336 0.029188 0.028703
0 0.970586 0.571102 0.026672 0.028484
0 0.198789 0.031922 0.032797 0.026062
0 0.739164 0.331430 0.027984 0.032234
0 0.178758 0.418336 0.033609 0.035734
0 0.912070 0.893219 0.028172 0.026375
0 0.956227 0.870172 0.026297 0.028469
0 0.180008 0.371867 0.029953 0.030953
0 0.766070 0.041195 0.026641 0.026391
0 0.553367 0.049344 0.027859 0.028344
0 0.490523 0.964227 0.027234 0.032328
0 0.193070 0.847797 0.028609 0.030500
0 0.175563 0.463813 0.027469 0.026594
0 0.567227 0.352586 0.028828 0.031984
0 0.932352 0.454281 0.024984 0.026000
0 0.605813 0.027289 0.028062 0.028609
0 0.980156 0.429742 0.027063 0.029859
0 0.125016 0.705445 0.032594 0.026359
0 0.489047 0.642820 0.025906 0.027484
0 0.966211 0.109766 0.027828 0.029094
0 0.488680 0.595383 0.027109 0.027359
0 0.717758 0.618117 0.024891 0.024016
0 0.124938 0.487563 0.025281 0.025375
0 0.129062 0.792086 0.028906 0.026891
0 0.183039 0.160094 0.034766 0.032469
0 0.138930 0.877406 0.031203 0.031094
0 0.983016 0.381633 0.025250 0.026953
0 0.942164 0.304922 0.027828 0.028656
0 0.706094 0.957258 0.027188 0.027703
0 0.187875 0.199516 0.034406 0.028000
0 0.581234 0.263477 0.026281 0.028828
0 0.144133 0.051336 0.025047 0.026516
0 0.126609 0.393898 0.023469 0.025266
0 0.939016 0.354305 0.026562 0.028203
0 0.724727 0.470531 0.025703 0.028812
0 0.969609 0.721281 0.026250 0.029156
0 0.751531 0.981930 0.027531 0.029734
0 0.961727 0.016133 0.027203 0.027797
0 0.187812 0.114016 0.027000 0.028031
0 0.130547 0.264602 0.026281 0.028172
0 0.229266 0.976734 0.027219 0.028719
0 0.118742 0.666555 0.025922 0.027609
0 0.164852 0.966797 0.028797 0.025969
0 0.150813 0.923805 0.029969 0.028828
0 0.010648 0.875125 0.021297 0.037312
0 0.182383 0.766375 0.025422 0.025719
0 0.753914 0.930336 0.028578 0.027453
0 0.797148 0.215250 0.025953 0.027563
0 0.904750 0.989766 0.030188 0.019625
0 0.749258 0.236281 0.023859 0.026125
0 0.564867 0.011789 0.030391 0.023297
0 0.023156 0.921508 0.035125 0.034484
