0 0.100945 0.856062 0.031859 0.033281
0 0.223445 0.269852 0.034422 0.040141
0 0.199172 0.789570 0.036000 0.042516
0 0.205344 0.651203 0.037750 0.038156
0 0.250469 0.401930 0.034500 0.039016
0 0.985070 0.852102 0.029391 0.040953
0 0.985125 0.723742 0.029344 0.043484
0 0.158359 0.211984 0.035219 0.039250
0 0.097336 0.276891 0.039891 0.041625
0 0.123883 0.408820 0.034922 0.036609
0 0.141430 0.269000 0.035203 0.039656
0 0.025109 0.852547 0.034188 0.041219
0 0.243258 0.211391 0.036016 0.040531
0 0.049727 0.086570 0.035141 0.036766
0 0.199305 0.215164 0.036922 0.043172
0 0.190133 0.462719 0.031641 0.035813
0 0.204344 0.024938 0.045281 0.047719
0 0.140336 0.088133 0.043203 0.054234
0 0.052039 0.595336 0.034859 0.040359
0 0.030305 0.412297 0.039078 0.041563
0 0.985602 0.947336 0.028578 0.033984
0 0.079609 0.793727 0.032219 0.038672
0 0.117141 0.220797 0.035906 0.039312
0 0.042945 0.798609 0.033984 0.037844
0 0.274352 0.468781 0.033859 0.031187
0 0.115398 0.647203 0.030703 0.036750
0 0.160117 0.650219 0.033453 0.034531
0 0.077977 0.410570 0.035422 0.038297
0 0.213281 0.583297 0.040000 0.049156
0 0.051750 0.461047 0.031125 0.037500
0 0.209430 0.402836 0.029328 0.036172
0 0.985383 0.983984 0.028422 0.031031
0 0.171578 0.591906 0.032031 0.032719
0 0.062914 0.853742 0.031203 0.034297
0 0.233695 0.464531 0.029359 0.031719
0 0.117227 0.793797 0.033016 0.041469
0 0.014969 0.596586 0.029250 0.037109
0 0.983828 0.805344 0.032125 0.042719
0 0.157578 0.028555 0.029750 0.029484
0 0.068086 0.224258 0.040672 0.046891
0 0.034187 0.651438 0.028219 0.033031
0 0.215703 0.866133 0.032000 0.032953
0 0.133805 0.590695 0.029984 0.034453
0 0.085820 0.987805 0.030734 0.024359
0 0.126742 0.986281 0.036297 0.025812
0 0.106242 0.466891 0.035328 0.041719
0 0.134461 0.855594 0.024766 0.027344
0 0.093938 0.591469 0.026719 0.027844
0 0.167844 0.404492 0.031219 0.033922
0 0.025227 0.228023 0.036484 0.039797
0 0.167523 0.987133 0.031609 0.025391
0 0.985430 0.765508 0.028578 0.034047
0 0.010070 0.799672 0.020141 0.038406
0 0.991273 0.675898 0.017453 0.038047
0 0.419805 0.983945 0.028984 0.029797
0 0.095648 0.084922 0.037922 0.041312
0 0.111578 0.029992 0.049531 0.057859
0 0.073586 0.648117 0.040891 0.043391
0 0.149938 0.463359 0.035719 0.038250
0 0.021695 0.034594 0.042422 0.047969
0 0.266180 0.270336 0.040891 0.045859
0 0.066875 0.030602 0.044563 0.054828
0 0.173664 0.858406 0.036266 0.038875
0 0.156977 0.794336 0.038141 0.047266
0 0.051984 0.283641 0.032219 0.036719
0 0.187484 0.086445 0.039500 0.046078
0 0.182719 0.270711 0.035937 0.041922
0 0.984078 0.901703 0.031281 0.042938
