0 0.216820 0.455656 0.051109 0.045906
0 0.215953 0.177586 0.061500 0.063234
0 0.115039 0.299719 0.079703 0.077094
0 0.243672 0.310984 0.071906 0.073625
0 0.369719 0.336539 0.057187 0.076234
0 0.098148 0.433125 0.054578 0.064969
0 0.349359 0.484672 0.049375 0.067563
0 0.078656 0.551805 0.050250 0.063234
0 0.208594 0.586461 0.074500 0.061516
0 0.349359 0.608117 0.061500 0.061516
0 0.066086 0.672219 0.054578 0.056313
0 0.185633 0.705570 0.054578 0.086641
0 0.312109 0.724625 0.045906 0.062375
0 0.045305 0.791766 0.054578 0.056313
0 0.173078 0.828148 0.051969 0.049391
0 0.319914 0.848070 0.063234 0.040703
0 0.039672 0.917375 0.055438 0.061500
0 0.317305 0.977531 0.066703 0.044937
