0 0.818914 0.319852 0.045703 0.044984
0 0.795328 0.547547 0.051250 0.043625
0 0.575172 0.464492 0.057750 0.055984
0 0.651039 0.185320 0.053609 0.049672
0 0.828406 0.223906 0.056344 0.046062
0 0.655062 0.135055 0.043031 0.040078
0 0.817914 0.370992 0.041609 0.037828
0 0.557969 0.706875 0.049531 0.043625
0 0.607281 0.783141 0.041875 0.038250
0 0.680031 0.041445 0.047531 0.044797
0 0.643969 0.236578 0.053250 0.047000
0 0.636000 0.494516 0.040031 0.038281
0 0.548391 0.905797 0.051188 0.047000
0 0.607930 0.110070 0.040516 0.037641
0 0.614469 0.686070 0.045000 0.045109
0 0.555742 0.755555 0.050047 0.043234
0 0.638469 0.283375 0.045719 0.041344
0 0.628523 0.592523 0.042203 0.044359
0 0.636977 0.381383 0.051203 0.047203
0 0.875141 0.345930 0.034812 0.033922
0 0.847430 0.046727 0.039891 0.033547
0 0.612445 0.832406 0.037891 0.035969
0 0.570883 0.558547 0.039234 0.035094
0 0.600602 0.162180 0.042578 0.040016
0 0.552164 0.852219 0.042859 0.042031
0 0.805352 0.462625 0.037828 0.036281
0 0.615023 0.736047 0.039234 0.037719
0 0.875781 0.299703 0.035406 0.032000
0 0.900422 0.107984 0.037094 0.036250
0 0.785500 0.644828 0.039406 0.037500
0 0.823602 0.270789 0.038984 0.034359
0 0.845906 0.133148 0.039813 0.036391
0 0.827313 0.760688 0.038125 0.033375
0 0.631500 0.437703 0.039844 0.038531
0 0.771047 0.783203 0.038313 0.033969
0 0.638008 0.331695 0.041828 0.038766
0 0.881594 0.250156 0.036781 0.034563
0 0.582477 0.352500 0.047516 0.043781
0 0.578414 0.411609 0.038516 0.035500
0 0.769461 0.888203 0.035453 0.032906
0 0.792023 0.594258 0.039766 0.036078
0 0.819281 0.912398 0.039500 0.036266
0 0.595953 0.213609 0.043250 0.037344
0 0.630117 0.539344 0.040016 0.035750
0 0.868453 0.393695 0.039000 0.038547
0 0.598516 0.932273 0.037781 0.040078
0 0.851711 0.088531 0.045078 0.037844
0 0.775883 0.734641 0.035734 0.033000
0 0.618313 0.638109 0.036531 0.033437
0 0.824469 0.810984 0.033156 0.032437
0 0.763070 0.978695 0.035797 0.034797
0 0.839680 0.177016 0.039578 0.035563
0 0.862297 0.484977 0.032344 0.030891
0 0.574203 0.514383 0.039469 0.029828
0 0.798414 0.502812 0.033016 0.027813
0 0.572125 0.610445 0.031313 0.031359
0 0.897758 0.065578 0.030703 0.027094
0 0.665578 0.087141 0.039750 0.033625
0 0.558711 0.806219 0.053766 0.039406
0 0.809359 0.415820 0.037969 0.030328
0 0.606836 0.878891 0.035734 0.040625
0 0.847031 0.575523 0.028719 0.029797
0 0.587664 0.304070 0.035984 0.031547
0 0.839070 0.665117 0.035359 0.034266
0 0.814063 0.959156 0.031063 0.028688
0 0.764234 0.928859 0.031875 0.028156
0 0.864547 0.444445 0.033531 0.031047
0 0.778914 0.690719 0.035047 0.029719
0 0.590164 0.259250 0.033984 0.031281
0 0.563336 0.653742 0.038609 0.033234
0 0.851836 0.532297 0.029891 0.027781
0 0.846695 0.623391 0.031984 0.028969
0 0.616859 0.061891 0.037344 0.034094
0 0.541805 0.954563 0.036859 0.029937
0 0.823719 0.864453 0.027438 0.025906
0 0.602555 0.983977 0.034766 0.031016
0 0.771031 0.837492 0.027562 0.028922
0 0.886570 0.207703 0.028891 0.026844
0 0.829109 0.718094 0.028094 0.025906
0 0.626086 0.013437 0.034609 0.026625
0 0.901391 0.025094 0.029219 0.027281
0 0.892672 0.155453 0.026750 0.025063
0 0.539016 0.989625 0.042750 0.019187
