0 0.217156 0.133930 0.031906 0.030391
0 0.096922 0.424461 0.042469 0.042578
0 0.081313 0.301609 0.050594 0.046844
0 0.175266 0.638289 0.046406 0.042984
0 0.206508 0.768891 0.059609 0.052438
0 0.132914 0.848930 0.045078 0.038516
0 0.116320 0.463109 0.050266 0.043625
0 0.484313 0.121242 0.035844 0.035297
0 0.133352 0.509008 0.040266 0.036516
0 0.488258 0.210891 0.036953 0.034438
0 0.190469 0.725156 0.041844 0.036437
0 0.150477 0.550344 0.041391 0.037031
0 0.751328 0.184172 0.032063 0.033719
0 0.939258 0.461813 0.031453 0.032687
0 0.549555 0.186578 0.032453 0.032750
0 0.747844 0.372906 0.032875 0.031969
0 0.487031 0.259289 0.034281 0.035672
0 0.125953 0.715180 0.036625 0.030891
0 0.023180 0.121648 0.035828 0.034891
0 0.950602 0.172742 0.030891 0.031328
0 0.106258 0.586695 0.032953 0.032953
0 0.035766 0.423094 0.031875 0.032500
0 0.162391 0.591852 0.048719 0.045547
0 0.130273 0.804906 0.041797 0.033438
0 0.105273 0.628375 0.035672 0.030344
0 0.035344 0.172313 0.030562 0.031562
0 0.483258 0.027633 0.031609 0.029328
0 0.748281 0.235445 0.029375 0.030766
0 0.319109 0.611703 0.034219 0.033406
0 0.249789 0.262117 0.032328 0.031641
0 0.685070 0.574898 0.029516 0.032391
0 0.941711 0.414445 0.028609 0.030797
0 0.889953 0.390242 0.028906 0.029422
0 0.539383 0.139867 0.032516 0.032828
0 0.486734 0.072883 0.031375 0.030578
0 0.101906 0.377617 0.042563 0.037203
0 0.269602 0.473039 0.030984 0.034203
0 0.916375 0.041031 0.031250 0.029781
0 0.691750 0.300852 0.029469 0.031453
0 0.383445 0.609203 0.032172 0.031969
0 0.933266 0.510766 0.030531 0.029750
0 0.953703 0.121234 0.027125 0.028719
0 0.906359 0.145992 0.031969 0.030422
0 0.952617 0.223687 0.030641 0.030438
0 0.180609 0.682977 0.032375 0.028859
0 0.942797 0.366516 0.028719 0.030187
0 0.052297 0.260828 0.029687 0.030812
0 0.236781 0.215969 0.032219 0.029719
0 0.207688 0.089078 0.031000 0.030719
0 0.747031 0.326133 0.031969 0.030328
0 0.071414 0.501273 0.027578 0.027703
0 0.181320 0.209383 0.033141 0.031328
0 0.696852 0.202617 0.027047 0.030172
0 0.260406 0.312375 0.031406 0.031594
0 0.216250 0.349844 0.033875 0.033875
0 0.946047 0.270695 0.025969 0.026859
0 0.736211 0.556688 0.031109 0.032875
0 0.127672 0.762523 0.036156 0.034422
0 0.561477 0.231609 0.031609 0.030062
0 0.741445 0.466539 0.031828 0.027797
0 0.132336 0.035336 0.032172 0.030641
0 0.042703 0.220922 0.027406 0.029562
0 0.119008 0.673297 0.048734 0.039062
0 0.190242 0.257047 0.028703 0.028875
0 0.325523 0.476930 0.034359 0.032828
0 0.945937 0.321328 0.025406 0.027000
0 0.879109 0.484125 0.027437 0.028625
0 0.298172 0.561187 0.027656 0.031344
0 0.744391 0.281430 0.025750 0.025891
0 0.881477 0.437867 0.027047 0.028203
0 0.901406 0.245953 0.028063 0.028156
0 0.350367 0.519461 0.030203 0.031766
0 0.251008 0.433398 0.031328 0.028672
0 0.873445 0.537180 0.027703 0.028516
0 0.737578 0.508594 0.030844 0.028438
0 0.710688 0.109250 0.028344 0.031625
0 0.904789 0.193008 0.027797 0.029266
0 0.766039 0.032984 0.032047 0.032563
0 0.960914 0.016250 0.029828 0.028313
0 0.542477 0.094469 0.026359 0.029219
0 0.368641 0.731094 0.027312 0.028437
0 0.219328 0.854125 0.031406 0.031062
0 0.084375 0.543375 0.028906 0.029844
0 0.045406 0.465641 0.028000 0.027656
0 0.741328 0.418109 0.027375 0.024688
0 0.893516 0.300047 0.026125 0.030969
0 0.490484 0.164031 0.028469 0.031719
0 0.691922 0.256289 0.025500 0.025109
0 0.281289 0.515836 0.025422 0.027984
0 0.542023 0.050859 0.026016 0.029281
0 0.689891 0.485055 0.026312 0.028234
0 0.021852 0.949984 0.029078 0.028281
0 0.718203 0.058727 0.029000 0.031672
0 0.431703 0.728992 0.026875 0.029016
0 0.201547 0.304180 0.028906 0.027797
0 0.692359 0.440547 0.026656 0.026469
0 0.720203 0.013961 0.030375 0.027391
0 0.138883 0.077422 0.031734 0.031531
0 0.691648 0.343820 0.027203 0.029016
0 0.705883 0.158117 0.029734 0.030109
0 0.149289 0.889109 0.034922 0.030875
0 0.758352 0.083305 0.025516 0.027047
0 0.956211 0.070445 0.026859 0.029109
0 0.912117 0.093422 0.028922 0.027219
0 0.012055 0.910328 0.024109 0.039281
0 0.150781 0.123922 0.030437 0.029281
0 0.008406 0.289000 0.016813 0.033281
0 0.892016 0.340852 0.026281 0.029453
0 0.192852 0.048031 0.029141 0.030875
0 0.241430 0.390742 0.027422 0.027953
0 0.683195 0.529086 0.026484 0.027047
0 0.229297 0.176563 0.027531 0.028094
0 0.541242 0.014445 0.030172 0.028422
0 0.164602 0.166836 0.029328 0.026266
0 0.691508 0.391969 0.023703 0.025656
0 0.010734 0.074938 0.021469 0.038281
0 0.753953 0.130555 0.029406 0.028672
0 0.204781 0.814172 0.035469 0.031250
0 0.444430 0.769070 0.024141 0.025516
0 0.696359 0.617516 0.049812 0.036250
0 0.091164 0.342953 0.032797 0.024094
0 0.280383 0.348375 0.026641 0.026812
0 0.869742 0.582320 0.024016 0.023328
0 0.309430 0.435039 0.028797 0.028734
0 0.006172 0.865586 0.012344 0.029703
0 0.300914 0.396359 0.041016 0.027094
0 0.334203 0.655297 0.019344 0.024781
0 0.354711 0.693617 0.032516 0.025547
0 0.394969 0.648336 0.032500 0.024766
0 0.933570 0.555836 0.025922 0.036266
0 0.880719 0.638227 0.034187 0.029016
0 0.861547 0.679672 0.026938 0.033156
0 0.930984 0.653250 0.037312 0.030063
0 0.384312 0.771008 0.015063 0.015328
0 0.405086 0.809344 0.023141 0.017844
0 0.416945 0.846578 0.027328 0.022031
0 0.441898 0.892445 0.020922 0.013953
0 0.466437 0.933719 0.022594 0.023969
0 0.504359 0.870836 0.020344 0.027047
