0 0.402867 0.738461 0.067703 0.066578
0 0.567055 0.935352 0.074297 0.081359
0 0.175258 0.928102 0.059797 0.065141
0 0.081680 0.662211 0.064672 0.063828
0 0.088516 0.826984 0.062531 0.066250
0 0.058125 0.329844 0.081719 0.092156
0 0.476438 0.827641 0.074844 0.079594
0 0.134547 0.445727 0.058156 0.059734
0 0.281703 0.849648 0.088344 0.089547
0 0.320758 0.639258 0.086234 0.087609
0 0.176797 0.741070 0.073906 0.078672
0 0.355516 0.942836 0.046281 0.049203
0 0.240773 0.555109 0.052922 0.056313
0 0.017094 0.724508 0.033844 0.067547
0 0.014367 0.563734 0.028391 0.058937
