0 0.773453 0.878719 0.046063 0.053750
0 0.602984 0.557070 0.062688 0.074109
0 0.409820 0.419523 0.064703 0.071047
0 0.966180 0.771906 0.049109 0.051781
0 0.978852 0.862453 0.041516 0.067469
0 0.435703 0.724695 0.052625 0.067359
0 0.812875 0.724891 0.046500 0.048937
0 0.094312 0.118781 0.048344 0.055063
0 0.051523 0.093898 0.049766 0.053766
0 0.671945 0.290922 0.055266 0.063000
0 0.407094 0.121039 0.053094 0.058422
0 0.672727 0.611727 0.038172 0.038672
0 0.309758 0.572656 0.054234 0.062562
0 0.833844 0.114805 0.053000 0.062359
0 0.902437 0.445070 0.060969 0.065578
0 0.878242 0.139641 0.051641 0.061531
0 0.365258 0.385023 0.046453 0.049203
0 0.293867 0.329961 0.048047 0.056203
0 0.191195 0.253148 0.046609 0.053859
0 0.041398 0.162055 0.042953 0.050609
0 0.794469 0.965367 0.051125 0.061672
0 0.685008 0.026117 0.051141 0.052234
0 0.829102 0.397086 0.056797 0.066984
0 0.501102 0.409844 0.042109 0.044250
0 0.329727 0.654648 0.046859 0.055297
0 0.981375 0.419344 0.036719 0.052438
0 0.277164 0.242664 0.051047 0.060922
0 0.521719 0.711008 0.041031 0.040734
0 0.945648 0.831297 0.043203 0.053625
0 0.759805 0.612109 0.040328 0.039906
0 0.185016 0.557336 0.045875 0.053297
0 0.233094 0.026203 0.048219 0.052406
0 0.423992 0.350633 0.049547 0.055953
0 0.504664 0.186250 0.044484 0.046125
0 0.451977 0.444875 0.041422 0.044656
0 0.166492 0.475250 0.041297 0.043063
0 0.151000 0.233656 0.046125 0.054375
0 0.313523 0.060922 0.043547 0.048531
0 0.945516 0.174734 0.052156 0.055344
0 0.130961 0.147250 0.044422 0.049375
0 0.842375 0.934727 0.037750 0.041859
0 0.397148 0.035023 0.045828 0.046016
0 0.233266 0.522859 0.047750 0.050031
0 0.757992 0.058656 0.042391 0.045875
0 0.205000 0.193008 0.040812 0.045047
0 0.770500 0.346219 0.051063 0.060156
0 0.508242 0.772867 0.044234 0.049453
0 0.807359 0.905797 0.047000 0.045906
0 0.522320 0.501992 0.051609 0.064953
0 0.015164 0.384867 0.029891 0.044859
0 0.227586 0.281891 0.047266 0.054188
0 0.379797 0.321641 0.048438 0.056781
0 0.637336 0.796070 0.041328 0.045984
0 0.344070 0.086914 0.037672 0.042141
0 0.525398 0.113195 0.047141 0.055078
0 0.205914 0.494031 0.044328 0.050594
0 0.123469 0.505539 0.048594 0.054172
0 0.877328 0.779094 0.046813 0.054812
0 0.723977 0.588461 0.037797 0.039391
0 0.558516 0.741031 0.043344 0.049594
0 0.730063 0.246531 0.042281 0.052469
0 0.345797 0.597594 0.034469 0.039000
0 0.080828 0.487766 0.043500 0.048969
0 0.489445 0.686156 0.037328 0.041344
0 0.597477 0.767250 0.044953 0.048656
0 0.444359 0.138320 0.038250 0.043609
0 0.929062 0.745109 0.046750 0.051250
0 0.412031 0.642078 0.040219 0.043531
0 0.472711 0.750102 0.046266 0.050672
0 0.981836 0.514203 0.035766 0.063125
0 0.659375 0.205164 0.043094 0.053109
0 0.239781 0.222477 0.036594 0.043516
0 0.609484 0.253461 0.060406 0.076922
0 0.133820 0.448062 0.036797 0.037125
0 0.862992 0.689656 0.036859 0.039750
0 0.552609 0.798734 0.049688 0.052594
0 0.462242 0.377570 0.041297 0.047359
0 0.708570 0.309297 0.052109 0.058750
0 0.325273 0.360031 0.029859 0.032344
0 0.271508 0.038367 0.045547 0.051391
0 0.380547 0.619063 0.040312 0.049688
0 0.636570 0.585984 0.043359 0.053531
0 0.794625 0.089023 0.039062 0.037078
0 0.316562 0.265102 0.041312 0.046859
0 0.894328 0.063906 0.038031 0.039938
0 0.559086 0.519328 0.044453 0.060500
0 0.905062 0.804852 0.048219 0.060172
0 0.450734 0.664766 0.032656 0.035281
0 0.472992 0.158383 0.042109 0.050391
0 0.538523 0.438945 0.035734 0.034922
0 0.934414 0.087805 0.038891 0.038359
0 0.852742 0.045430 0.039391 0.048078
0 0.395609 0.700641 0.037531 0.043406
0 0.043188 0.470141 0.037000 0.038406
0 0.259156 0.307953 0.041844 0.054312
0 0.658094 0.872516 0.037500 0.041563
0 0.114109 0.202594 0.038313 0.043625
0 0.709672 0.641117 0.033906 0.038203
0 0.832047 0.983703 0.046844 0.030656
0 0.564352 0.133328 0.042016 0.051812
0 0.329430 0.016727 0.051172 0.033266
0 0.856750 0.331641 0.048156 0.056250
0 0.346117 0.293961 0.037047 0.042484
0 0.540898 0.207422 0.045766 0.058594
0 0.378555 0.091227 0.027516 0.035859
0 0.823898 0.304477 0.053516 0.057641
0 0.620102 0.851609 0.029109 0.030188
0 0.585867 0.820641 0.038141 0.043000
0 0.011695 0.136758 0.023391 0.045797
0 0.151422 0.537539 0.048562 0.058922
0 0.625836 0.185102 0.036422 0.042516
0 0.878781 0.961602 0.040750 0.038703
0 0.574539 0.225773 0.049859 0.065016
0 0.431109 0.054969 0.042031 0.053969
0 0.365570 0.679508 0.047453 0.056359
0 0.654414 0.524664 0.032828 0.036109
0 0.914344 0.152414 0.038187 0.045578
0 0.741727 0.861219 0.031578 0.038781
0 0.840750 0.754172 0.039781 0.046938
0 0.824016 0.675867 0.028125 0.025828
0 0.690141 0.552203 0.031062 0.034187
0 0.578438 0.466781 0.029563 0.029656
0 0.797055 0.635852 0.039391 0.043047
0 0.694203 0.888516 0.040031 0.046406
0 0.698430 0.222180 0.034609 0.038391
0 0.259492 0.614102 0.045047 0.048328
0 0.491086 0.096500 0.037641 0.042906
0 0.706734 0.840281 0.034125 0.034062
0 0.296461 0.627922 0.030984 0.035750
0 0.733547 0.330516 0.048969 0.058312
0 0.764031 0.262742 0.030687 0.036328
0 0.615125 0.491789 0.032719 0.031484
0 0.272000 0.548422 0.033187 0.032875
0 0.463578 0.072352 0.037688 0.042891
0 0.923172 0.376586 0.030031 0.030016
0 0.476273 0.468953 0.023984 0.045562
0 0.722078 0.906008 0.043156 0.044359
0 0.759852 0.941383 0.044359 0.052766
0 0.057813 0.404211 0.035969 0.045578
0 0.097383 0.428187 0.031172 0.038375
0 0.674117 0.814883 0.028766 0.020391
