0 0.941266 0.468242 0.028781 0.034766
0 0.770664 0.173563 0.057422 0.058625
0 0.696055 0.087148 0.076141 0.083516
0 0.314180 0.606102 0.060891 0.056547
0 0.381086 0.677695 0.060797 0.059359
0 0.347250 0.100820 0.056094 0.061641
0 0.503898 0.800492 0.051234 0.050828
0 0.438430 0.730312 0.052734 0.055031
0 0.256047 0.539234 0.050188 0.055969
0 0.189352 0.023031 0.041703 0.041125
0 0.606148 0.018039 0.062359 0.036078
0 0.417148 0.015406 0.055516 0.030750
0 0.449227 0.087641 0.036047 0.036000
0 0.125383 0.049727 0.034828 0.036047
0 0.262492 0.090109 0.035578 0.034656
0 0.223625 0.057406 0.038156 0.038844
0 0.550742 0.860352 0.059266 0.060297
0 0.087406 0.015367 0.032875 0.030266
0 0.511266 0.066297 0.035031 0.036062
0 0.544617 0.090344 0.037141 0.041625
0 0.853883 0.453203 0.043422 0.049531
0 0.155891 0.085742 0.033563 0.025172
0 0.197852 0.123516 0.031172 0.028781
0 0.233828 0.160688 0.033562 0.033563
0 0.273391 0.192461 0.035969 0.034766
0 0.296180 0.220633 0.028766 0.021578
0 0.335742 0.251812 0.021578 0.026375
0 0.365719 0.282391 0.035969 0.032375
0 0.401094 0.317758 0.034781 0.033578
0 0.446063 0.355523 0.035969 0.027578
0 0.488023 0.385508 0.033578 0.027578
0 0.515594 0.420875 0.024000 0.028781
0 0.548578 0.452055 0.032375 0.031172
0 0.589945 0.487422 0.021578 0.022781
0 0.291383 0.122914 0.028766 0.025172
0 0.321961 0.150492 0.027578 0.029984
0 0.354930 0.180469 0.038359 0.032375
0 0.870523 0.396297 0.033578 0.039563
0 0.909484 0.433461 0.032375 0.037172
0 0.975437 0.507211 0.029969 0.033578
0 0.391500 0.229031 0.044375 0.038375
0 0.429875 0.267398 0.032375 0.038359
0 0.465242 0.292578 0.035984 0.033563
0 0.506008 0.324352 0.031172 0.029984
0 0.539586 0.363922 0.021578 0.029969
0 0.580953 0.395703 0.032375 0.028781
0 0.607930 0.429867 0.021578 0.029984
0 0.646898 0.463445 0.037172 0.029984
0 0.682859 0.498211 0.032375 0.025172
0 0.725430 0.524602 0.031172 0.027578
0 0.670875 0.552180 0.029969 0.027578
0 0.710445 0.587539 0.029984 0.040766
0 0.771594 0.559367 0.032375 0.020391
0 0.805172 0.597734 0.034781 0.025188
0 0.838750 0.634914 0.032375 0.027578
0 0.876516 0.661281 0.038375 0.032375
0 0.742820 0.619320 0.025172 0.025172
0 0.773992 0.645094 0.027578 0.019187
0 0.814766 0.687070 0.032375 0.040766
0 0.856727 0.724836 0.037172 0.029984
0 0.909484 0.690664 0.029969 0.021578
0 0.946063 0.726633 0.026375 0.028766
0 0.886703 0.757805 0.034781 0.023984
0 0.928672 0.781789 0.029969 0.021578
0 0.964641 0.829148 0.029969 0.034766
0 0.983820 0.765602 0.017984 0.039578
0 0.488023 0.127109 0.038359 0.035969
0 0.525797 0.158891 0.034781 0.034781
0 0.558766 0.185266 0.038375 0.046750
0 0.590539 0.217039 0.037172 0.040766
0 0.625313 0.251211 0.039562 0.046766
0 0.661289 0.287188 0.027578 0.029969
0 0.709250 0.327352 0.029969 0.031172
0 0.741625 0.360922 0.022781 0.026375
0 0.772797 0.390906 0.034781 0.038375
0 0.809969 0.417883 0.020375 0.029984
0 0.883703 0.485031 0.026375 0.039562
0 0.919680 0.522797 0.023984 0.040781
0 0.953852 0.552172 0.034766 0.039562
0 0.583945 0.129508 0.047953 0.023984
0 0.619320 0.158883 0.020391 0.027578
0 0.646297 0.188266 0.033563 0.033562
0 0.690664 0.227234 0.043172 0.041969
0 0.727828 0.269797 0.028781 0.035969
0 0.764406 0.291984 0.032375 0.025188
0 0.802773 0.330945 0.029984 0.033578
0 0.833945 0.362727 0.027578 0.027578
