0 0.296586 0.066117 0.036172 0.031922
0 0.302961 0.215109 0.037922 0.034562
0 0.564250 0.838586 0.031281 0.033984
0 0.530039 0.464016 0.033953 0.032469
0 0.503273 0.262086 0.031672 0.034422
0 0.270594 0.290781 0.041469 0.038125
0 0.575266 0.940563 0.034563 0.034844
0 0.287414 0.527141 0.033172 0.029719
0 0.864422 0.147320 0.036187 0.038609
0 0.338422 0.878359 0.030750 0.030750
0 0.698906 0.811836 0.030656 0.032109
0 0.252258 0.146867 0.031516 0.033078
0 0.677023 0.028945 0.035766 0.033922
0 0.475531 0.054859 0.035062 0.034687
0 0.129508 0.560648 0.031922 0.032953
0 0.932562 0.907484 0.040750 0.040437
0 0.683609 0.138336 0.032969 0.034141
0 0.378750 0.845695 0.030687 0.032703
0 0.692539 0.752070 0.030641 0.031859
0 0.031789 0.201063 0.030766 0.033125
0 0.639641 0.233055 0.032844 0.033891
0 0.498656 0.662305 0.035719 0.034266
0 0.115719 0.852133 0.031406 0.029766
0 0.652891 0.389078 0.027219 0.031719
0 0.704266 0.352047 0.031594 0.032437
0 0.321633 0.397578 0.030797 0.031625
0 0.342047 0.590445 0.030625 0.032453
0 0.518336 0.925047 0.032109 0.032469
0 0.317828 0.725273 0.031937 0.032172
0 0.430320 0.139109 0.029859 0.031969
0 0.517766 0.363352 0.030438 0.033422
0 0.383500 0.957727 0.030063 0.030547
0 0.113492 0.413383 0.030297 0.027172
0 0.078859 0.071266 0.029500 0.032875
0 0.044320 0.296172 0.031359 0.031188
0 0.670672 0.598930 0.029375 0.031953
0 0.450930 0.291914 0.031266 0.034078
0 0.833664 0.337594 0.035828 0.035906
0 0.344859 0.936227 0.026844 0.030734
0 0.684102 0.701281 0.028016 0.031344
0 0.067352 0.496328 0.028922 0.030281
0 0.883430 0.251961 0.035984 0.035172
0 0.708172 0.871992 0.028969 0.032016
0 0.643742 0.284484 0.029516 0.031594
0 0.061883 0.444773 0.029891 0.032734
0 0.021836 0.147000 0.030609 0.033344
0 0.766430 0.944508 0.029734 0.032578
0 0.821266 0.236641 0.031031 0.033250
0 0.492773 0.152641 0.030828 0.029687
0 0.174773 0.925477 0.025047 0.028734
0 0.326453 0.776492 0.029875 0.029109
0 0.039156 0.249789 0.029844 0.032047
0 0.754039 0.831469 0.026672 0.028750
0 0.493086 0.611547 0.029234 0.030125
0 0.493898 0.708742 0.027203 0.029984
0 0.181828 0.968609 0.026406 0.027625
0 0.554047 0.725984 0.028781 0.029781
0 0.608781 0.013469 0.032938 0.026594
0 0.103852 0.751539 0.026797 0.030734
0 0.656359 0.491633 0.027250 0.027484
0 0.530703 0.976336 0.032656 0.031984
0 0.680609 0.658492 0.027781 0.028078
0 0.466203 0.408094 0.030125 0.030250
0 0.507609 0.817305 0.027031 0.027859
0 0.619695 0.063859 0.029953 0.030906
0 0.266227 0.336562 0.029297 0.031375
0 0.690742 0.196430 0.028359 0.030391
0 0.021187 0.101000 0.030250 0.032406
0 0.803648 0.088063 0.029453 0.030375
0 0.882484 0.466977 0.036375 0.035891
0 0.315102 0.309070 0.024422 0.023203
0 0.290813 0.025148 0.033031 0.032359
0 0.657273 0.444227 0.029609 0.031172
0 0.844336 0.014648 0.039109 0.028891
0 0.346305 0.988016 0.033859 0.022781
0 0.646766 0.334438 0.026656 0.029625
0 0.885438 0.522766 0.035344 0.033938
0 0.423453 0.090437 0.027531 0.027531
0 0.093273 0.166320 0.026672 0.028172
0 0.730320 0.615523 0.026516 0.027297
0 0.484508 0.558469 0.029422 0.029219
0 0.627664 0.120484 0.026016 0.028656
0 0.632117 0.176914 0.026422 0.029984
0 0.795984 0.041023 0.030437 0.029359
0 0.942820 0.990734 0.037797 0.017313
0 0.127906 0.991406 0.032219 0.016219
0 0.016570 0.047945 0.028391 0.029734
0 0.934719 0.955508 0.028219 0.029984
0 0.011844 0.014625 0.023688 0.029250
0 0.776250 0.991992 0.033156 0.015297
0 0.881078 0.302617 0.026687 0.029391
0 0.578641 0.991445 0.033094 0.016328
0 0.111516 0.368078 0.044750 0.045656
0 0.245992 0.099320 0.042172 0.040422
0 0.073719 0.598570 0.037719 0.037609
0 0.560242 0.783945 0.042203 0.041672
0 0.097984 0.218211 0.043406 0.041547
0 0.174992 0.873641 0.036172 0.036750
0 0.166898 0.823766 0.037828 0.039500
0 0.327492 0.497938 0.039516 0.038094
0 0.080430 0.649570 0.037453 0.036766
0 0.304312 0.170023 0.037594 0.038766
0 0.729812 0.560016 0.040031 0.038500
0 0.268000 0.381133 0.045750 0.040578
0 0.750875 0.775328 0.039406 0.043875
0 0.506687 0.760469 0.035594 0.035313
0 0.548875 0.575008 0.044219 0.041797
0 0.116367 0.463086 0.038547 0.037734
0 0.738711 0.674266 0.037391 0.037000
0 0.572461 0.887398 0.035891 0.035703
0 0.159750 0.769461 0.035563 0.037141
0 0.120227 0.901617 0.036422 0.037172
0 0.821031 0.286367 0.035906 0.036859
0 0.156727 0.719109 0.033891 0.035656
0 0.718219 0.460594 0.039906 0.036156
0 0.313063 0.260117 0.034250 0.036828
0 0.083930 0.121219 0.038391 0.038750
0 0.073563 0.019781 0.044969 0.038469
0 0.368617 0.743656 0.036266 0.034875
0 0.759602 0.888086 0.034766 0.035359
0 0.680727 0.080672 0.043672 0.044250
0 0.539531 0.516617 0.043500 0.044391
0 0.234000 0.050961 0.036344 0.034047
0 0.511367 0.311258 0.037172 0.037297
0 0.874563 0.198250 0.039781 0.041031
0 0.547828 0.629422 0.039094 0.039969
0 0.458047 0.349555 0.033625 0.035484
0 0.135117 0.613773 0.037172 0.039141
0 0.351555 0.639211 0.037078 0.039422
0 0.449859 0.241086 0.041594 0.043359
0 0.480836 0.507805 0.033141 0.035609
0 0.363281 0.687992 0.035531 0.035547
0 0.806125 0.133523 0.035719 0.034359
0 0.692898 0.249516 0.035328 0.036750
0 0.274281 0.426914 0.038969 0.037172
0 0.485523 0.100078 0.037609 0.035281
0 0.299500 0.621594 0.033438 0.032125
0 0.439180 0.186047 0.034266 0.034906
0 0.301625 0.122961 0.032656 0.032078
0 0.278648 0.482820 0.031297 0.033047
0 0.310820 0.673820 0.037703 0.033797
0 0.253820 0.196727 0.033266 0.031734
0 0.523000 0.418766 0.037687 0.034719
0 0.722094 0.507664 0.033688 0.033703
0 0.513859 0.875492 0.034313 0.033453
0 0.472328 0.457437 0.034844 0.033750
0 0.381875 0.900391 0.032406 0.032906
0 0.291531 0.574313 0.035531 0.035094
0 0.333039 0.825367 0.033422 0.035141
0 0.120031 0.512203 0.034906 0.034688
0 0.323688 0.444063 0.033188 0.036594
0 0.662617 0.541141 0.040891 0.043000
0 0.145711 0.670172 0.029016 0.035813
0 0.712609 0.407078 0.033250 0.034188
0 0.549680 0.677695 0.034078 0.029266
0 0.089820 0.702773 0.030422 0.032234
0 0.746336 0.722477 0.038953 0.033922
0 0.720414 0.924711 0.033297 0.036703
0 0.071836 0.544633 0.034797 0.033266
0 0.337695 0.546672 0.031953 0.031000
0 0.101828 0.266492 0.040438 0.038766
0 0.114805 0.804102 0.032172 0.032766
0 0.814438 0.180930 0.040469 0.042328
0 0.373906 0.794070 0.035094 0.034766
0 0.697969 0.301844 0.031625 0.031062
0 0.257281 0.239414 0.037250 0.036391
0 0.499117 0.199984 0.035297 0.033219
0 0.107523 0.315297 0.031797 0.032000
0 0.877539 0.356617 0.041297 0.044828
0 0.317750 0.352508 0.037750 0.038516
0 0.051656 0.346141 0.030969 0.032156
0 0.129453 0.951539 0.029344 0.032172
0 0.055328 0.394852 0.030719 0.033047
