0 0.759844 0.134430 0.041969 0.062359
0 0.732266 0.112844 0.034781 0.052750
0 0.978563 0.062852 0.042094 0.067391
0 0.945328 0.030383 0.044844 0.056266
0 0.794789 0.165297 0.053328 0.062187
0 0.807469 0.105898 0.047875 0.047547
0 0.842250 0.135320 0.038656 0.043359
0 0.828656 0.196672 0.050906 0.055688
0 0.929219 0.274125 0.040688 0.044719
0 0.893625 0.248711 0.040156 0.045766
0 0.947453 0.222680 0.047094 0.050141
0 0.903734 0.017156 0.049531 0.034094
0 0.956719 0.304664 0.046938 0.057328
0 0.976422 0.246359 0.042531 0.044719
0 0.586102 0.021594 0.042953 0.043188
0 0.773430 0.078820 0.046891 0.054484
0 0.658039 0.072906 0.038766 0.042906
0 0.878914 0.161852 0.042578 0.041141
0 0.620117 0.051867 0.029547 0.030141
0 0.741758 0.061445 0.031922 0.039141
0 0.694406 0.088813 0.041281 0.047469
0 0.706602 0.040563 0.034547 0.033563
0 0.674133 0.016914 0.033203 0.033047
0 0.865961 0.224953 0.035984 0.068344
