0 0.937586 0.814086 0.048766 0.050609
0 0.871578 0.675773 0.062906 0.067359
0 0.852516 0.030312 0.058531 0.060625
0 0.623031 0.144852 0.053656 0.057516
0 0.971484 0.141273 0.043344 0.060203
0 0.465039 0.077805 0.057203 0.061453
0 0.195039 0.198188 0.047734 0.052094
0 0.636484 0.235484 0.052438 0.053625
0 0.520719 0.394391 0.052062 0.056906
0 0.700125 0.303312 0.052937 0.065563
0 0.153367 0.169531 0.049734 0.058469
0 0.739523 0.332688 0.050359 0.057781
0 0.299055 0.287828 0.052828 0.061563
0 0.593305 0.207969 0.042891 0.048094
0 0.661180 0.502875 0.054516 0.058875
0 0.394570 0.022742 0.041234 0.044109
0 0.087070 0.111703 0.042359 0.047219
0 0.688344 0.215648 0.046563 0.054047
0 0.794953 0.307719 0.041219 0.047031
0 0.594273 0.443727 0.046328 0.052891
0 0.884586 0.056836 0.055641 0.061172
0 0.832016 0.337023 0.043375 0.045047
0 0.431422 0.312578 0.049344 0.053313
0 0.290086 0.192148 0.045391 0.045734
0 0.530578 0.470289 0.045844 0.050078
0 0.757547 0.273484 0.042938 0.043031
0 0.340383 0.310680 0.059391 0.068766
0 0.216664 0.138406 0.043766 0.044844
0 0.067562 0.024977 0.046750 0.046766
0 0.484156 0.021703 0.039250 0.039281
0 0.556305 0.085492 0.040016 0.040391
0 0.142680 0.081906 0.040609 0.043719
0 0.909719 0.480773 0.049531 0.054016
0 0.229609 0.227258 0.044875 0.057453
0 0.638828 0.563711 0.051687 0.057359
0 0.866648 0.362250 0.045953 0.046156
0 0.408953 0.367117 0.056344 0.055109
0 0.394695 0.282961 0.038672 0.042453
0 0.600047 0.530227 0.051063 0.060422
0 0.105047 0.049828 0.044281 0.050406
0 0.776742 0.673570 0.039953 0.045578
0 0.727906 0.561500 0.039750 0.038094
0 0.561641 0.171227 0.048750 0.053797
0 0.788359 0.615938 0.051094 0.055000
0 0.323414 0.227773 0.053984 0.054266
0 0.831289 0.643336 0.055859 0.060172
0 0.672813 0.587359 0.043562 0.042969
0 0.736078 0.651281 0.044625 0.053531
0 0.535039 0.143453 0.051766 0.056125
0 0.179828 0.106789 0.044656 0.046578
0 0.935258 0.417398 0.048922 0.056484
0 0.971805 0.441820 0.042516 0.050078
0 0.726164 0.242234 0.042484 0.047750
0 0.932828 0.730852 0.061188 0.064203
0 0.260930 0.260406 0.055984 0.069969
0 0.909938 0.090797 0.058188 0.066875
0 0.978422 0.053687 0.041563 0.047031
0 0.467039 0.418000 0.048516 0.051750
0 0.972188 0.532891 0.055625 0.072969
0 0.046953 0.076672 0.038594 0.040594
0 0.506203 0.103359 0.046094 0.048406
0 0.874891 0.766914 0.040937 0.046359
0 0.496164 0.447180 0.039922 0.041766
0 0.813273 0.705234 0.042359 0.046969
0 0.810695 0.396687 0.048578 0.048062
0 0.875594 0.454617 0.046438 0.058391
0 0.900023 0.387648 0.043109 0.044859
0 0.565687 0.501859 0.057094 0.058219
0 0.362922 0.252031 0.044469 0.049562
0 0.254852 0.166883 0.041922 0.053609
0 0.653930 0.181227 0.049109 0.047359
0 0.775656 0.363000 0.039031 0.041125
0 0.694422 0.531391 0.041188 0.043281
0 0.589773 0.116680 0.038984 0.043109
0 0.981383 0.878797 0.036578 0.064000
0 0.522992 0.052937 0.038547 0.039125
0 0.704406 0.615906 0.038781 0.042750
0 0.761281 0.589687 0.043344 0.046437
0 0.942891 0.108367 0.046281 0.054547
0 0.624094 0.471586 0.040219 0.042672
0 0.372133 0.341070 0.047234 0.056422
0 0.913719 0.788273 0.043938 0.049234
0 0.964297 0.757555 0.050219 0.063391
0 0.843242 0.423805 0.045141 0.049922
0 0.983852 0.176062 0.031828 0.060219
0 0.349328 0.014977 0.055094 0.029953
0 0.440586 0.391039 0.041797 0.040766
0 0.016031 0.044242 0.031563 0.040859
0 0.667297 0.273414 0.042656 0.049734
0 0.963648 0.844078 0.049859 0.058469
0 0.951805 0.504852 0.050078 0.057453
0 0.842086 0.731086 0.027922 0.030297
