0 0.824062 0.684297 0.039406 0.038594
0 0.426344 0.613047 0.060812 0.059125
0 0.475609 0.624773 0.032344 0.041203
0 0.532883 0.632391 0.042984 0.051063
0 0.579461 0.630156 0.030453 0.053750
0 0.684789 0.630156 0.042109 0.053750
0 0.726883 0.632398 0.034922 0.038516
0 0.799391 0.631500 0.043969 0.040313
0 0.841484 0.636828 0.035031 0.033219
0 0.899211 0.638617 0.048359 0.056328
0 0.942695 0.640859 0.029641 0.032344
0 0.443320 0.664187 0.053734 0.041188
0 0.506555 0.668664 0.040297 0.032234
0 0.544617 0.668219 0.034047 0.031344
0 0.603289 0.679859 0.043891 0.040313
0 0.639109 0.674039 0.038500 0.042984
0 0.683891 0.674938 0.042094 0.039406
0 0.865625 0.682508 0.047469 0.050953
0 0.913992 0.692312 0.045672 0.047469
0 0.953844 0.695453 0.039406 0.039406
0 0.983000 0.645734 0.033219 0.042094
0 0.269648 0.566555 0.035828 0.035828
0 0.248508 0.778336 0.038516 0.035016
0 0.196609 0.768938 0.026062 0.026969
0 0.196609 0.805250 0.027844 0.031344
0 0.258367 0.826219 0.060016 0.044781
0 0.192133 0.840180 0.029641 0.033141
0 0.256570 0.865219 0.033141 0.018906
0 0.199703 0.885773 0.039406 0.033141
0 0.264273 0.905539 0.041203 0.034859
0 0.266430 0.952141 0.054641 0.034937
0 0.073500 0.832484 0.039406 0.035812
0 0.082461 0.872836 0.048359 0.032328
0 0.078867 0.913578 0.035828 0.031438
0 0.078430 0.953445 0.033141 0.026953
0 0.466203 0.790391 0.029656 0.044781
0 0.416984 0.785016 0.036719 0.039406
0 0.510539 0.797102 0.026953 0.043891
0 0.609555 0.803461 0.040297 0.033141
0 0.692406 0.815555 0.044781 0.044797
0 0.743008 0.819586 0.036734 0.042109
0 0.787336 0.823125 0.035828 0.036813
0 0.833023 0.829797 0.035828 0.039406
0 0.875570 0.824023 0.038516 0.035016
0 0.923438 0.826242 0.026781 0.059047
0 0.959758 0.833383 0.034922 0.048359
0 0.433062 0.841531 0.026063 0.034031
0 0.485414 0.852281 0.034047 0.039406
0 0.517250 0.857648 0.036813 0.041203
0 0.568758 0.856305 0.035922 0.043891
0 0.624688 0.862578 0.036719 0.042094
0 0.668578 0.868844 0.034938 0.047469
0 0.711570 0.872789 0.038516 0.051953
0 0.750125 0.876820 0.036813 0.045672
0 0.794055 0.878164 0.038516 0.048359
0 0.840188 0.884430 0.039406 0.057328
0 0.882289 0.888469 0.035828 0.052844
0 0.927062 0.894727 0.043000 0.061797
0 0.973641 0.901539 0.041187 0.060891
0 0.258813 0.609109 0.037625 0.031344
0 0.257469 0.697234 0.052844 0.034031
0 0.255672 0.734414 0.047469 0.038516
