0 0.887828 0.044773 0.051750 0.050797
0 0.768875 0.357992 0.043000 0.041016
0 0.926469 0.130531 0.052375 0.051281
0 0.845922 0.481281 0.041812 0.039031
0 0.834844 0.422820 0.039563 0.039797
0 0.744625 0.200953 0.038906 0.036594
0 0.782156 0.411555 0.037125 0.037234
0 0.820898 0.270789 0.035016 0.036047
0 0.786172 0.462195 0.042406 0.040547
0 0.798430 0.120242 0.036797 0.037672
0 0.828422 0.372992 0.035937 0.033828
0 0.820297 0.611586 0.041531 0.043016
0 0.786758 0.064812 0.041516 0.043719
0 0.875148 0.629859 0.036328 0.037969
0 0.986633 0.181398 0.026734 0.039203
0 0.740445 0.150688 0.038016 0.037844
0 0.805930 0.176320 0.033797 0.036797
0 0.758953 0.308430 0.037656 0.036359
0 0.981445 0.306055 0.035453 0.035359
0 0.863938 0.577438 0.035781 0.038813
0 0.821359 0.322703 0.037250 0.035375
0 0.853539 0.526289 0.035078 0.038359
0 0.940266 0.177164 0.038844 0.040422
0 0.732094 0.104250 0.045250 0.042125
0 0.719633 0.056484 0.044734 0.047656
0 0.800500 0.512789 0.035688 0.035859
0 0.812969 0.561953 0.038563 0.036437
0 0.985539 0.349227 0.028641 0.033172
0 0.982570 0.131102 0.034141 0.040734
0 0.908141 0.089375 0.037969 0.033031
0 0.974953 0.079266 0.031875 0.032906
0 0.941828 0.232172 0.042500 0.042938
0 0.875750 0.692797 0.043344 0.051063
0 0.807969 0.221500 0.027281 0.028656
0 0.959953 0.033961 0.043062 0.045234
0 0.749164 0.252594 0.039047 0.032750
