0 0.337586 0.118047 0.050609 0.063938
0 0.675805 0.684609 0.042766 0.051969
0 0.192766 0.059883 0.042688 0.047391
0 0.443609 0.947469 0.036500 0.040906
0 0.800641 0.483008 0.044062 0.053859
0 0.909070 0.682164 0.042141 0.051766
0 0.645609 0.946953 0.039656 0.040500
0 0.582172 0.684711 0.047750 0.055797
0 0.565117 0.326336 0.046328 0.060672
0 0.109258 0.058789 0.040266 0.045547
0 0.235078 0.947305 0.044437 0.047266
0 0.821945 0.947484 0.042109 0.046969
0 0.735141 0.950086 0.041688 0.050516
0 0.208211 0.675063 0.044641 0.053531
0 0.454656 0.263031 0.044031 0.060781
0 0.506086 0.479680 0.048047 0.054422
0 0.384641 0.123922 0.039500 0.049969
0 0.690625 0.948586 0.036656 0.043609
0 0.664406 0.331531 0.048219 0.062375
0 0.720727 0.682125 0.043922 0.052281
0 0.868078 0.540289 0.046875 0.051516
0 0.627594 0.541922 0.049531 0.059906
0 0.485023 0.535852 0.046922 0.051547
0 0.303500 0.320172 0.044625 0.056750
0 0.924609 0.338172 0.043344 0.052438
0 0.390672 0.322711 0.042813 0.053078
0 0.346531 0.323492 0.046656 0.059109
0 0.778180 0.943445 0.041422 0.051172
0 0.401164 0.947547 0.036984 0.044625
0 0.892547 0.485695 0.043500 0.054953
0 0.630734 0.684883 0.039344 0.048766
0 0.847453 0.482852 0.039500 0.043641
0 0.063961 0.531500 0.052578 0.067594
0 0.025922 0.676312 0.047844 0.063094
0 0.258398 0.115992 0.041266 0.059984
0 0.600555 0.947031 0.034172 0.039937
0 0.501180 0.262008 0.039766 0.049891
0 0.594313 0.268617 0.041844 0.047766
0 0.411055 0.270211 0.038484 0.045391
0 0.978977 0.092203 0.040984 0.052750
0 0.909430 0.285672 0.040797 0.045406
0 0.434180 0.324453 0.046703 0.055719
0 0.303828 0.679227 0.046656 0.052484
0 0.258898 0.531984 0.039453 0.052125
0 0.212172 0.532977 0.048750 0.058703
0 0.933672 0.080078 0.044406 0.057563
0 0.563211 0.737883 0.036391 0.040766
0 0.121828 0.672148 0.040313 0.049391
0 0.019336 0.530406 0.038672 0.066000
0 0.711508 0.334484 0.042797 0.056281
0 0.190906 0.477789 0.043438 0.049297
0 0.524664 0.948266 0.033828 0.038063
0 0.860039 0.132070 0.038266 0.043422
0 0.693719 0.268992 0.039625 0.043891
0 0.701820 0.737211 0.036547 0.041672
0 0.578523 0.538813 0.043016 0.050219
0 0.732703 0.122242 0.049313 0.053484
0 0.278367 0.950039 0.035641 0.043234
0 0.605523 0.483961 0.045047 0.051453
0 0.687922 0.125469 0.042875 0.050406
0 0.475305 0.120813 0.048078 0.058156
0 0.546547 0.266062 0.040344 0.047063
0 0.090227 0.894633 0.040016 0.046047
0 0.037820 0.317953 0.041922 0.050438
0 0.087773 0.111305 0.047328 0.059328
0 0.959977 0.893812 0.035422 0.042906
0 0.044352 0.114672 0.044641 0.060688
0 0.533867 0.680266 0.049391 0.064469
0 0.770516 0.678930 0.046156 0.052578
0 0.842016 0.895109 0.038938 0.039313
0 0.322758 0.946562 0.034109 0.040688
0 0.095117 0.477938 0.046391 0.048250
0 0.497242 0.064781 0.045547 0.050750
0 0.558453 0.122656 0.042156 0.053406
0 0.328039 0.483563 0.042453 0.048187
0 0.712836 0.892781 0.038422 0.043594
0 0.420742 0.736914 0.037797 0.039484
0 0.098797 0.735477 0.035250 0.043109
0 0.281992 0.261742 0.040047 0.049266
0 0.436977 0.535914 0.040703 0.046109
0 0.817844 0.128898 0.040437 0.053578
0 0.944547 0.139422 0.041375 0.045063
0 0.646117 0.269094 0.039109 0.048562
0 0.392508 0.532047 0.043891 0.058469
0 0.937648 0.483719 0.045984 0.056594
0 0.556656 0.481047 0.044500 0.051000
0 0.528969 0.535523 0.038313 0.050453
0 0.050562 0.897586 0.031969 0.036141
0 0.171086 0.893422 0.039172 0.042812
0 0.237922 0.058633 0.038469 0.044922
0 0.409289 0.064594 0.043547 0.047750
0 0.865516 0.683437 0.042188 0.052937
0 0.192266 0.946773 0.039063 0.045484
0 0.541563 0.068672 0.037312 0.044125
0 0.116766 0.533547 0.043125 0.054594
0 0.326187 0.263344 0.040000 0.049438
0 0.290078 0.736539 0.042344 0.049047
0 0.968461 0.344336 0.038922 0.049109
0 0.755703 0.484805 0.037750 0.044203
0 0.727258 0.540789 0.044484 0.050422
0 0.282977 0.058617 0.034828 0.040609
0 0.166203 0.676297 0.039875 0.049250
0 0.043961 0.473305 0.038422 0.045703
0 0.516375 0.121469 0.039594 0.053906
0 0.150906 0.261398 0.037219 0.047641
0 0.863680 0.945930 0.030703 0.035516
0 0.561445 0.945555 0.031391 0.037328
0 0.302539 0.534313 0.039547 0.048531
0 0.490617 0.682000 0.044047 0.058937
0 0.128523 0.324383 0.047359 0.062703
0 0.067867 0.059242 0.036047 0.038172
0 0.822578 0.280875 0.040156 0.044750
0 0.952000 0.680500 0.039188 0.053625
0 0.395766 0.681734 0.044781 0.053187
0 0.797094 0.736289 0.037156 0.037859
0 0.883203 0.336891 0.039250 0.051969
0 0.349398 0.533883 0.043422 0.051141
0 0.084461 0.315094 0.043641 0.046219
0 0.236047 0.481328 0.035750 0.044000
0 0.263422 0.319562 0.037406 0.046531
0 0.976484 0.742320 0.041563 0.050891
0 0.074758 0.941141 0.032922 0.032125
0 0.584133 0.070906 0.034734 0.042937
0 0.353094 0.683344 0.041750 0.048594
0 0.130797 0.118570 0.042812 0.055578
0 0.902727 0.136688 0.035484 0.044437
0 0.889195 0.084250 0.035297 0.043938
0 0.820258 0.684148 0.041234 0.048391
0 0.920703 0.892078 0.036844 0.041906
0 0.477547 0.324820 0.037656 0.046109
0 0.445977 0.680570 0.042797 0.054922
0 0.937727 0.942250 0.034984 0.040062
0 0.192344 0.734219 0.036031 0.044312
0 0.884461 0.734984 0.035578 0.039094
0 0.146219 0.730922 0.036937 0.038375
0 0.705133 0.485492 0.042578 0.049547
0 0.751898 0.333922 0.036859 0.051531
0 0.681539 0.540734 0.044953 0.049844
0 0.296219 0.114289 0.035188 0.047609
0 0.219219 0.326148 0.044125 0.060328
0 0.367328 0.265977 0.037375 0.046797
0 0.736406 0.273602 0.034938 0.040953
0 0.627008 0.893422 0.036359 0.041406
0 0.669695 0.890703 0.033891 0.038344
0 0.601883 0.117305 0.037203 0.049422
0 0.979914 0.478766 0.038891 0.060250
0 0.377969 0.479664 0.044312 0.047734
0 0.670000 0.070312 0.040375 0.046719
0 0.925117 0.736828 0.033328 0.041156
0 0.869422 0.281578 0.034250 0.039250
0 0.910617 0.541031 0.034922 0.041156
0 0.141594 0.477578 0.038688 0.044875
0 0.024633 0.058992 0.037172 0.039422
0 0.427258 0.122359 0.038172 0.050188
0 0.366125 0.069195 0.039688 0.052016
0 0.460758 0.890914 0.034141 0.030766
0 0.954523 0.286961 0.031328 0.034047
0 0.361437 0.943875 0.030250 0.033281
0 0.346383 0.891156 0.033078 0.036344
0 0.287781 0.482445 0.037375 0.046141
0 0.522680 0.736867 0.030484 0.034172
0 0.194367 0.268305 0.036891 0.041828
0 0.901906 0.945047 0.030969 0.034187
0 0.782742 0.279711 0.036891 0.045734
0 0.153234 0.064227 0.031031 0.039234
0 0.108633 0.267055 0.039828 0.045828
0 0.483062 0.947602 0.027000 0.031266
0 0.758906 0.066328 0.040031 0.054844
0 0.583930 0.891656 0.031922 0.031625
0 0.819047 0.541891 0.038781 0.039312
0 0.238500 0.269484 0.040969 0.045094
0 0.013422 0.737750 0.026656 0.048719
0 0.380734 0.890945 0.024594 0.025703
0 0.011250 0.473625 0.022500 0.047562
0 0.883023 0.892023 0.027203 0.028453
0 0.118852 0.939633 0.025297 0.028641
0 0.033117 0.942664 0.029016 0.029078
0 0.014180 0.893812 0.027266 0.032094
0 0.605508 0.734836 0.024859 0.028609
0 0.256453 0.888992 0.032563 0.037422
0 0.457375 0.477289 0.040219 0.046609
0 0.469023 0.734578 0.033891 0.035000
0 0.778086 0.126469 0.038547 0.047875
0 0.133328 0.891563 0.026562 0.031687
0 0.648687 0.738594 0.035844 0.033250
0 0.716406 0.071383 0.041938 0.047484
0 0.062406 0.264586 0.052844 0.047672
0 0.803367 0.077016 0.042484 0.051813
0 0.845336 0.079602 0.043516 0.040422
0 0.324070 0.064062 0.043516 0.036281
0 0.175359 0.115875 0.046625 0.059063
0 0.415789 0.469258 0.042484 0.040422
0 0.799219 0.892070 0.034188 0.034203
0 0.759836 0.895703 0.030047 0.031094
0 0.503352 0.890000 0.045609 0.030063
0 0.421477 0.891555 0.035234 0.024859
0 0.309047 0.892594 0.038344 0.026938
0 0.246867 0.733516 0.046641 0.036281
0 0.371742 0.733516 0.045609 0.032125
0 0.148938 0.946477 0.020719 0.035234
0 0.977461 0.944406 0.030047 0.031094
0 0.840156 0.737656 0.051812 0.038344
0 0.646359 0.128312 0.043531 0.065281
0 0.626672 0.068727 0.033156 0.043516
0 0.460867 0.065102 0.049734 0.046641
0 0.981734 0.151625 0.036531 0.064250
0 0.840148 0.334672 0.049141 0.057563
0 0.612789 0.326859 0.051578 0.066031
0 0.518461 0.322063 0.047578 0.056438
0 0.075172 0.672883 0.047625 0.054297
0 0.257211 0.682687 0.042766 0.048781
0 0.164594 0.532578 0.046750 0.054344
0 0.657539 0.484812 0.041453 0.046938
0 0.793687 0.334117 0.038906 0.046297
0 0.953625 0.546039 0.050687 0.057109
0 0.213422 0.116805 0.049656 0.065547
0 0.172359 0.322305 0.054000 0.065578
0 0.774992 0.545250 0.052672 0.069625
0 0.052695 0.735820 0.042359 0.049078
