0 0.094047 0.023680 0.045406 0.041766
0 0.955508 0.858125 0.048922 0.049719
0 0.723680 0.905937 0.059609 0.056656
0 0.376602 0.776914 0.055516 0.064672
0 0.521555 0.947211 0.049922 0.045797
0 0.864781 0.488227 0.045219 0.054797
0 0.336562 0.061039 0.042813 0.038672
0 0.924570 0.420586 0.045641 0.051547
0 0.684688 0.524633 0.051063 0.061484
0 0.881578 0.675102 0.044875 0.051078
0 0.557930 0.739328 0.049547 0.057813
0 0.971562 0.409125 0.042938 0.048000
0 0.460797 0.566453 0.056969 0.071594
0 0.537219 0.023570 0.041875 0.037859
0 0.052687 0.665000 0.046875 0.063375
0 0.242625 0.800266 0.045375 0.056344
0 0.550875 0.551844 0.053438 0.070812
0 0.872469 0.929133 0.061250 0.061016
0 0.742609 0.703484 0.047781 0.060469
0 0.947633 0.908766 0.053234 0.045875
0 0.336578 0.110148 0.037156 0.035359
0 0.283883 0.613344 0.051922 0.060469
0 0.296352 0.547258 0.043234 0.046828
0 0.213180 0.745969 0.052016 0.059656
0 0.698523 0.710547 0.040047 0.045875
0 0.153867 0.822234 0.042859 0.050156
0 0.608586 0.472906 0.043734 0.049844
0 0.928648 0.670555 0.041234 0.048297
0 0.096734 0.106797 0.037781 0.034219
0 0.450195 0.973156 0.046547 0.049094
0 0.023477 0.851102 0.046953 0.048078
0 0.286445 0.796008 0.042859 0.050641
0 0.117891 0.770625 0.051719 0.052000
0 0.447797 0.922555 0.047750 0.044484
0 0.194930 0.633930 0.050547 0.063797
0 0.199578 0.811047 0.038500 0.048312
0 0.696852 0.458656 0.041734 0.048062
0 0.156367 0.135898 0.035391 0.034578
0 0.108367 0.587016 0.043766 0.045937
0 0.733273 0.512086 0.052734 0.062422
0 0.650711 0.714883 0.046734 0.055109
0 0.279375 0.137820 0.040344 0.041328
0 0.606320 0.727578 0.045516 0.055500
0 0.837055 0.681461 0.046578 0.057266
0 0.480719 0.044617 0.035563 0.036797
0 0.880812 0.881797 0.062000 0.052562
0 0.774867 0.503367 0.049828 0.060547
0 0.651734 0.462820 0.046844 0.056203
0 0.506211 0.560852 0.039203 0.049328
0 0.150656 0.051156 0.037406 0.035781
0 0.834594 0.432789 0.043250 0.048266
0 0.912281 0.482547 0.040969 0.048313
0 0.665852 0.651586 0.045172 0.056234
0 0.742180 0.448383 0.038797 0.045922
0 0.895891 0.607742 0.052719 0.065297
0 0.788211 0.692109 0.044016 0.060125
0 0.327516 0.788266 0.039469 0.050187
0 0.887883 0.834625 0.041484 0.040062
0 0.973180 0.662844 0.035578 0.038969
0 0.567320 0.667508 0.052203 0.068641
0 0.664617 0.932180 0.042078 0.039453
0 0.100359 0.655805 0.048188 0.060078
0 0.474258 0.760734 0.055047 0.073844
0 0.148484 0.637641 0.042906 0.046250
0 0.641570 0.530445 0.046891 0.058984
0 0.617508 0.656836 0.043328 0.053953
0 0.801977 0.625477 0.051984 0.061953
0 0.239375 0.621672 0.049687 0.060562
0 0.373906 0.587836 0.054250 0.064453
0 0.093727 0.150562 0.034578 0.032125
0 0.981445 0.596320 0.036484 0.049797
0 0.158625 0.574250 0.039969 0.044750
0 0.346133 0.721523 0.043766 0.052766
0 0.336688 0.015977 0.036312 0.030797
0 0.597672 0.542586 0.054531 0.067859
0 0.259211 0.732781 0.040703 0.043000
0 0.285500 0.039117 0.036531 0.031984
0 0.383688 0.524211 0.040312 0.043391
0 0.154820 0.091883 0.033703 0.029234
0 0.521852 0.681273 0.042078 0.049516
0 0.849508 0.613477 0.043141 0.061641
0 0.660547 0.888594 0.039375 0.037656
0 0.216703 0.979938 0.058625 0.038562
0 0.436391 0.697984 0.038437 0.044844
0 0.942820 0.951813 0.048578 0.043906
0 0.431086 0.766836 0.046172 0.065859
0 0.658625 0.976320 0.040062 0.037734
0 0.819320 0.493328 0.039109 0.054531
0 0.111555 0.835094 0.036047 0.042875
0 0.152133 0.012547 0.041016 0.025062
0 0.788164 0.442234 0.041297 0.044781
0 0.058281 0.592977 0.052656 0.059703
0 0.754992 0.633539 0.039797 0.049609
0 0.727484 0.954984 0.044469 0.040656
0 0.467164 0.502695 0.041359 0.043703
0 0.957281 0.473094 0.036219 0.039344
0 0.282859 0.088281 0.030250 0.029750
0 0.024445 0.793781 0.048453 0.053594
0 0.418773 0.576133 0.043453 0.057984
0 0.515219 0.491414 0.042469 0.047703
0 0.338227 0.536438 0.034453 0.039594
0 0.565758 0.478078 0.040672 0.044969
0 0.392898 0.705766 0.043609 0.052719
0 0.535945 0.067547 0.033484 0.030781
0 0.014578 0.676023 0.028906 0.052859
0 0.938805 0.600273 0.033797 0.038953
0 0.423617 0.512641 0.034359 0.037062
0 0.709914 0.640398 0.043234 0.054484
0 0.096102 0.065383 0.037203 0.027172
0 0.301063 0.725391 0.034625 0.044000
0 0.508766 0.986031 0.047250 0.027281
0 0.512539 0.748820 0.040016 0.052172
0 0.070609 0.782813 0.035656 0.051719
0 0.697492 0.016070 0.039141 0.031047
0 0.249648 0.557508 0.039109 0.049609
0 0.481922 0.686789 0.032906 0.037641
0 0.937477 0.988391 0.042141 0.021687
0 0.286930 0.008266 0.041359 0.016531
0 0.163898 0.752367 0.037578 0.045141
0 0.285656 0.987992 0.058469 0.022484
0 0.207813 0.565094 0.034563 0.035875
0 0.724297 0.991164 0.029500 0.016734
0 0.325742 0.597102 0.040234 0.048547
