0 0.467492 0.573641 0.047141 0.044781
0 0.729078 0.797133 0.050437 0.044859
0 0.858031 0.964586 0.056813 0.056891
0 0.158336 0.672977 0.060891 0.057203
0 0.874227 0.622492 0.054359 0.048047
0 0.731234 0.480773 0.058656 0.049453
0 0.880156 0.521773 0.051750 0.047172
0 0.151375 0.769828 0.047531 0.045688
0 0.534070 0.496945 0.057297 0.049516
0 0.528633 0.600000 0.054797 0.049406
0 0.928672 0.798633 0.056344 0.049484
0 0.881836 0.572391 0.050672 0.043844
0 0.143531 0.868539 0.049438 0.052641
0 0.272430 0.872289 0.042922 0.038984
0 0.341117 0.617039 0.043328 0.042016
0 0.938328 0.455922 0.053906 0.053906
0 0.917984 0.942305 0.047000 0.046047
0 0.268594 0.920625 0.044344 0.039469
0 0.169187 0.577070 0.066406 0.063078
0 0.931438 0.648188 0.037750 0.039313
0 0.718273 0.360641 0.053891 0.048719
0 0.473898 0.674336 0.043766 0.040734
0 0.272133 0.551328 0.045203 0.045844
0 0.933227 0.409055 0.055297 0.043453
0 0.535320 0.548234 0.042953 0.036813
0 0.858922 0.766219 0.056562 0.052750
0 0.730883 0.709602 0.043109 0.041797
0 0.340609 0.522883 0.051781 0.047984
0 0.475195 0.623383 0.040266 0.039203
0 0.333641 0.808125 0.040125 0.039000
0 0.928117 0.359055 0.040609 0.042203
0 0.277289 0.691695 0.043484 0.043484
0 0.137844 0.972109 0.037844 0.043375
0 0.659547 0.816664 0.060687 0.055016
0 0.278930 0.647281 0.039234 0.035781
0 0.843469 0.073336 0.045688 0.051891
0 0.529852 0.756555 0.042047 0.039984
0 0.140187 0.919414 0.039844 0.039422
0 0.097875 0.692820 0.053344 0.045641
0 0.344250 0.717180 0.041312 0.041047
0 0.672641 0.685234 0.041094 0.036125
0 0.931211 0.550133 0.042641 0.042141
0 0.663508 0.935438 0.046734 0.039094
0 0.085617 0.934922 0.039047 0.039312
0 0.272937 0.824859 0.040813 0.038375
0 0.490258 0.283687 0.042359 0.049969
0 0.282703 0.599641 0.036719 0.036719
0 0.662633 0.219422 0.048609 0.054719
0 0.753828 0.110492 0.044656 0.050609
0 0.469875 0.778242 0.045781 0.047297
0 0.508953 0.071547 0.043031 0.051219
0 0.670172 0.728367 0.057562 0.043516
0 0.871641 0.675984 0.040813 0.038656
0 0.089523 0.613984 0.070641 0.066625
0 0.475758 0.725187 0.040391 0.038438
0 0.089141 0.883148 0.039250 0.040547
0 0.974398 0.101063 0.046422 0.057250
0 0.468250 0.524422 0.037844 0.035906
0 0.467680 0.937688 0.036484 0.038188
0 0.327914 0.855953 0.039766 0.036781
0 0.710547 0.194539 0.040031 0.051141
0 0.860844 0.866844 0.045000 0.042781
0 0.406383 0.324047 0.046297 0.059406
0 0.937891 0.599719 0.036500 0.034000
0 0.891219 0.063109 0.043188 0.046844
0 0.877984 0.387461 0.044906 0.038266
0 0.098898 0.740516 0.054078 0.048188
0 0.468734 0.474742 0.045031 0.045891
0 0.876742 0.336562 0.042078 0.038813
0 0.340547 0.663977 0.048531 0.041672
0 0.677180 0.590195 0.056641 0.048578
0 0.149656 0.818016 0.036531 0.036750
0 0.093234 0.830109 0.044906 0.039281
0 0.534344 0.652609 0.044406 0.044688
0 0.324688 0.359703 0.036125 0.042969
0 0.216359 0.128992 0.046750 0.061234
0 0.733750 0.572570 0.041594 0.035953
0 0.464898 0.025414 0.045516 0.050234
0 0.170219 0.138914 0.046750 0.053703
0 0.573148 0.185086 0.038516 0.042234
0 0.098937 0.785844 0.039062 0.035250
0 0.665742 0.773055 0.052359 0.043234
0 0.464805 0.886695 0.033078 0.035734
0 0.883906 0.437445 0.035781 0.032922
0 0.650172 0.396609 0.055219 0.047906
0 0.732383 0.528414 0.045734 0.041797
0 0.519633 0.923750 0.034547 0.034781
0 0.343711 0.570305 0.035547 0.033641
0 0.424687 0.106258 0.053562 0.064859
0 0.382898 0.058211 0.053641 0.059672
0 0.634180 0.024352 0.044391 0.048703
0 0.660438 0.979508 0.050531 0.040453
0 0.078914 0.236195 0.042984 0.052547
0 0.797922 0.163078 0.050156 0.055719
0 0.361336 0.272992 0.043859 0.045703
0 0.033289 0.186398 0.041422 0.044359
0 0.525523 0.812016 0.042266 0.041469
0 0.128008 0.222539 0.046578 0.057234
0 0.674383 0.638430 0.057328 0.048516
0 0.467477 0.086547 0.044016 0.051406
0 0.798867 0.097203 0.041078 0.044875
0 0.118852 0.033750 0.046766 0.056719
0 0.530695 0.705039 0.035984 0.038016
0 0.860945 0.821562 0.041016 0.036031
0 0.258844 0.171766 0.047281 0.053469
0 0.845812 0.145000 0.057094 0.063344
0 0.026312 0.059609 0.045563 0.052031
0 0.448594 0.301953 0.036375 0.045031
0 0.259180 0.109336 0.042234 0.047203
0 0.275453 0.782695 0.037188 0.033609
0 0.275297 0.312070 0.036313 0.040203
0 0.671445 0.513117 0.043891 0.040109
0 0.665312 0.862492 0.041719 0.036422
0 0.276172 0.738797 0.034375 0.031406
0 0.076391 0.174289 0.036875 0.043984
0 0.722469 0.881344 0.050969 0.040250
0 0.159625 0.722234 0.029937 0.030563
0 0.338797 0.762219 0.034875 0.032906
0 0.725750 0.839773 0.036094 0.029359
0 0.889336 0.128711 0.044922 0.054078
0 0.936437 0.503055 0.028750 0.028297
0 0.081758 0.982961 0.045609 0.032141
0 0.266688 0.964094 0.038563 0.035750
0 0.323727 0.902539 0.042828 0.041672
0 0.521742 0.972852 0.033234 0.032797
0 0.729344 0.438664 0.042656 0.034047
0 0.488594 0.214883 0.041531 0.043859
0 0.878156 0.475547 0.038563 0.030563
0 0.752906 0.186063 0.033437 0.045125
0 0.377516 0.121102 0.049594 0.056266
0 0.071820 0.045750 0.042578 0.054219
0 0.733672 0.750773 0.039156 0.030797
0 0.040328 0.252430 0.045250 0.054672
0 0.921656 0.845977 0.033594 0.030703
0 0.932234 0.119305 0.039313 0.049984
0 0.614852 0.227305 0.038859 0.040828
0 0.323398 0.983766 0.053172 0.032000
0 0.508867 0.018539 0.042078 0.036797
0 0.161836 0.018266 0.048328 0.036500
0 0.918891 0.892102 0.038656 0.037078
0 0.668852 0.467609 0.048422 0.042531
0 0.438984 0.233719 0.040469 0.049781
0 0.460469 0.984477 0.036875 0.030484
0 0.730336 0.662266 0.031641 0.031781
0 0.111102 0.373125 0.036109 0.041625
0 0.721820 0.402461 0.044609 0.033547
0 0.526734 0.867156 0.035094 0.034563
0 0.678977 0.018883 0.044016 0.037547
0 0.024922 0.399766 0.037031 0.039063
0 0.465719 0.833234 0.030813 0.032437
0 0.321398 0.945719 0.032391 0.028500
0 0.977742 0.035039 0.035797 0.038641
0 0.599125 0.044273 0.049750 0.061922
0 0.715766 0.960711 0.042125 0.035672
0 0.934930 0.047766 0.036484 0.036688
0 0.620211 0.163219 0.042328 0.047125
0 0.281328 0.369258 0.038625 0.042016
0 0.853852 0.911094 0.030328 0.030406
0 0.124570 0.155945 0.034453 0.039047
0 0.367648 0.338813 0.034891 0.038094
0 0.341719 0.077141 0.044000 0.054250
0 0.066836 0.450500 0.038828 0.041781
0 0.554453 0.057469 0.045250 0.059719
0 0.915102 0.987156 0.037328 0.025500
0 0.158156 0.622445 0.050937 0.042828
0 0.729531 0.618117 0.025844 0.032016
0 0.234836 0.325945 0.037047 0.041859
0 0.707953 0.126852 0.034281 0.038797
0 0.721695 0.920789 0.041734 0.034578
0 0.421633 0.044609 0.040484 0.046469
0 0.213367 0.185758 0.056891 0.044391
0 0.188594 0.402523 0.038281 0.042641
0 0.532570 0.264984 0.035109 0.039531
0 0.338125 0.143000 0.041125 0.047812
0 0.529930 0.199570 0.032734 0.035141
0 0.173031 0.206062 0.048156 0.060469
0 0.190617 0.340547 0.040297 0.040469
0 0.148766 0.359367 0.032781 0.039953
0 0.317070 0.290133 0.039828 0.046016
0 0.571086 0.246289 0.029984 0.032297
0 0.096805 0.654930 0.042578 0.032578
0 0.665852 0.898320 0.035891 0.030078
0 0.021102 0.462789 0.035422 0.036547
0 0.925313 0.747133 0.032125 0.033359
0 0.399422 0.251859 0.038687 0.044844
0 0.671609 0.550961 0.046875 0.033172
0 0.298969 0.154211 0.039281 0.052328
0 0.665805 0.145656 0.037797 0.046719
0 0.233469 0.389016 0.036781 0.043406
0 0.300859 0.090414 0.035188 0.038141
0 0.066758 0.388023 0.034234 0.035891
0 0.209141 0.015805 0.044969 0.031297
0 0.150938 0.419523 0.037469 0.031922
0 0.106539 0.430617 0.040234 0.040234
