0 0.973867 0.428125 0.035859 0.039906
0 0.934836 0.429570 0.041047 0.047422
0 0.982602 0.302070 0.034797 0.039891
0 0.534984 0.397477 0.040469 0.034109
0 0.480625 0.418297 0.030063 0.031813
0 0.534406 0.438531 0.034687 0.032969
0 0.486125 0.466000 0.029500 0.030063
0 0.535273 0.489711 0.023703 0.035859
0 0.491328 0.519773 0.023719 0.037016
0 0.538742 0.533367 0.030641 0.027172
0 0.491906 0.564586 0.035281 0.029484
0 0.543367 0.583961 0.039891 0.024297
0 0.497398 0.618656 0.034703 0.037000
0 0.549438 0.628773 0.030063 0.032953
0 0.497977 0.661156 0.031234 0.029500
0 0.547703 0.673875 0.030062 0.030656
0 0.494219 0.705969 0.034125 0.028906
0 0.556086 0.725633 0.028328 0.031234
0 0.493063 0.742687 0.031813 0.029500
0 0.658727 0.680242 0.026609 0.035266
0 0.720602 0.658266 0.025453 0.031813
0 0.649188 0.591477 0.026031 0.034703
0 0.717422 0.607383 0.034125 0.021391
0 0.656125 0.633398 0.022562 0.023703
0 0.710766 0.567195 0.034687 0.035859
0 0.645719 0.543195 0.035281 0.036422
0 0.713086 0.515727 0.037016 0.033547
0 0.641961 0.487977 0.033547 0.038172
0 0.717711 0.465133 0.038172 0.041047
0 0.650633 0.446055 0.039328 0.023703
0 0.643984 0.406148 0.046844 0.034109
0 0.705273 0.418297 0.036422 0.037594
0 0.639070 0.361625 0.039328 0.032969
0 0.708164 0.377820 0.037578 0.036422
0 0.639359 0.321727 0.049156 0.035266
0 0.703828 0.333008 0.047406 0.040484
0 0.637625 0.267375 0.061875 0.051469
0 0.702672 0.290797 0.037000 0.038156
0 0.632992 0.220539 0.027172 0.029484
0 0.701227 0.239906 0.024859 0.039312
0 0.697180 0.194516 0.038734 0.036438
0 0.637625 0.171961 0.042219 0.031797
0 0.696602 0.139297 0.031797 0.043937
0 0.631258 0.108648 0.038734 0.033547
0 0.630680 0.064125 0.043359 0.040469
0 0.697469 0.088117 0.045094 0.041047
0 0.629523 0.016156 0.037578 0.032313
0 0.699492 0.041859 0.046828 0.038750
0 0.873258 0.067305 0.041641 0.036422
0 0.937727 0.302359 0.036422 0.033531
0 0.916336 0.059500 0.037578 0.037000
0 0.956234 0.055734 0.034125 0.036437
0 0.865445 0.124547 0.038734 0.038750
0 0.904195 0.122812 0.030641 0.038750
0 0.938305 0.119633 0.032953 0.031234
0 0.980570 0.113273 0.038859 0.035859
0 0.924719 0.248289 0.032375 0.042203
0 0.961727 0.249156 0.030078 0.030063
0 0.894070 0.305250 0.035859 0.039312
0 0.509797 0.058914 0.045719 0.040484
0 0.452008 0.045617 0.029484 0.039328
0 0.506648 0.015547 0.046266 0.026594
0 0.446227 0.080023 0.034109 0.030641
0 0.514172 0.101125 0.032375 0.026594
0 0.453742 0.123969 0.039891 0.029500
0 0.516766 0.139289 0.043375 0.050891
0 0.450273 0.164445 0.035266 0.028328
0 0.517633 0.182953 0.050891 0.036437
0 0.455766 0.209266 0.038156 0.031219
0 0.524000 0.225453 0.041625 0.032375
0 0.465016 0.249445 0.048562 0.039891
0 0.522844 0.265641 0.043938 0.031812
0 0.474852 0.295711 0.045109 0.031797
0 0.531805 0.306984 0.042203 0.042781
0 0.480055 0.372906 0.038172 0.040469
