0 0.885727 0.717203 0.045672 0.044125
0 0.710000 0.755914 0.036375 0.048766
0 0.458812 0.887891 0.030969 0.037156
0 0.417008 0.880930 0.038703 0.032516
0 0.386344 0.935742 0.042156 0.050797
0 0.965430 0.950656 0.051297 0.059375
0 0.193500 0.683492 0.053281 0.063703
0 0.065430 0.910016 0.039641 0.042375
0 0.782289 0.947555 0.043359 0.047422
0 0.584984 0.891766 0.034063 0.044906
0 0.278055 0.872797 0.039484 0.051875
0 0.236281 0.861578 0.033219 0.034062
0 0.766359 0.894016 0.041469 0.050719
0 0.207367 0.921562 0.039828 0.049719
0 0.340703 0.934961 0.041281 0.047609
0 0.109680 0.909875 0.039953 0.047250
0 0.677492 0.888281 0.031734 0.036375
0 0.248633 0.920852 0.040016 0.050359
0 0.831836 0.946211 0.041734 0.051609
0 0.560086 0.938266 0.042641 0.049969
0 0.265633 0.738484 0.043828 0.052750
0 0.469086 0.940047 0.044453 0.055531
0 0.896156 0.770047 0.036187 0.042875
0 0.877953 0.947742 0.044594 0.056078
0 0.169328 0.738516 0.038750 0.043719
0 0.024367 0.731008 0.041172 0.046047
0 0.400695 0.742922 0.042047 0.047375
0 0.073609 0.733805 0.039813 0.046266
0 0.701203 0.702539 0.037906 0.050266
0 0.474859 0.688625 0.044250 0.057000
0 0.688031 0.941492 0.041906 0.053422
0 0.126094 0.738312 0.035344 0.042531
0 0.718695 0.892867 0.044922 0.052797
0 0.219180 0.739500 0.036141 0.043563
0 0.742859 0.709961 0.038469 0.045891
0 0.936555 0.773859 0.034828 0.040437
0 0.855555 0.770008 0.038141 0.046141
0 0.908445 0.895461 0.038047 0.044328
0 0.319937 0.872508 0.043188 0.054297
0 0.581367 0.752250 0.041172 0.047344
0 0.444383 0.744641 0.040828 0.052156
0 0.249523 0.679812 0.041797 0.052750
0 0.513984 0.941664 0.042250 0.052078
0 0.314703 0.736125 0.039344 0.048750
0 0.972836 0.729383 0.045297 0.052703
0 0.518578 0.692281 0.037312 0.052406
0 0.920766 0.948672 0.035750 0.045562
0 0.947711 0.899164 0.041984 0.048578
0 0.159688 0.913453 0.044781 0.048562
0 0.015031 0.676906 0.029719 0.049844
0 0.669047 0.754766 0.033969 0.043187
0 0.759906 0.763156 0.041688 0.045750
0 0.427992 0.937398 0.031984 0.042734
0 0.816859 0.892477 0.041125 0.044547
0 0.629563 0.759437 0.034000 0.044656
0 0.297258 0.682469 0.039891 0.051188
0 0.182352 0.868867 0.035922 0.039578
0 0.559953 0.693242 0.039281 0.055047
0 0.484656 0.741039 0.038531 0.040922
0 0.341383 0.692383 0.041484 0.049484
0 0.011320 0.860406 0.022641 0.043969
0 0.531648 0.747953 0.044266 0.047250
0 0.656398 0.702891 0.038609 0.042906
0 0.864086 0.894969 0.035016 0.038531
0 0.611070 0.697859 0.035672 0.045250
0 0.644469 0.949000 0.037375 0.041719
0 0.535195 0.890000 0.039359 0.040500
0 0.805367 0.771937 0.047047 0.060031
0 0.058633 0.674141 0.037297 0.046750
0 0.293023 0.923719 0.034953 0.038781
0 0.354133 0.737180 0.028578 0.030453
0 0.796000 0.713867 0.040688 0.046078
0 0.983602 0.783609 0.032078 0.044281
0 0.605500 0.945172 0.033281 0.034062
0 0.735867 0.942914 0.035484 0.036141
0 0.496320 0.889305 0.036047 0.043172
0 0.093063 0.862398 0.035219 0.036484
0 0.925531 0.724242 0.031563 0.037109
0 0.368789 0.879195 0.044516 0.054703
0 0.098656 0.674289 0.035406 0.049641
0 0.141422 0.866547 0.034344 0.039250
0 0.386430 0.682758 0.039484 0.047984
0 0.146070 0.676562 0.047984 0.054187
0 0.842766 0.712172 0.026312 0.058844
