0 0.934500 0.855695 0.024937 0.027703
0 0.025609 0.075313 0.033437 0.039406
0 0.664703 0.860977 0.041500 0.047172
0 0.895578 0.085039 0.038375 0.042109
0 0.911578 0.030078 0.049625 0.058312
0 0.733641 0.035703 0.041625 0.045375
0 0.269078 0.067516 0.050937 0.055781
0 0.468531 0.423695 0.048094 0.057672
0 0.263664 0.683273 0.036641 0.040297
0 0.820664 0.033953 0.045266 0.051375
0 0.442719 0.058234 0.039719 0.049469
0 0.873680 0.648336 0.041109 0.044141
0 0.308781 0.299508 0.039719 0.046047
0 0.866977 0.030469 0.045234 0.055937
0 0.065672 0.075875 0.044656 0.052531
0 0.521375 0.046742 0.041594 0.050547
0 0.332234 0.436469 0.045312 0.049438
0 0.678250 0.095047 0.038844 0.041406
0 0.175023 0.299891 0.038516 0.041094
0 0.125992 0.130352 0.041766 0.055047
0 0.949898 0.463484 0.036141 0.038844
0 0.651422 0.037422 0.045719 0.060125
0 0.237391 0.832828 0.038625 0.049375
0 0.262922 0.297766 0.040156 0.045469
0 0.118430 0.833969 0.040109 0.044531
0 0.690859 0.419344 0.039344 0.043625
0 0.635102 0.101125 0.039203 0.047344
0 0.017695 0.499164 0.035328 0.046078
0 0.956992 0.794891 0.038797 0.048094
0 0.973797 0.858305 0.036875 0.039859
0 0.352063 0.298375 0.039219 0.048281
0 0.851914 0.283977 0.033047 0.037953
0 0.525000 0.811859 0.036000 0.044063
0 0.708445 0.857500 0.044891 0.052250
0 0.255695 0.125898 0.041766 0.047359
0 0.466469 0.111102 0.039062 0.044984
0 0.541930 0.294750 0.050422 0.056469
0 0.033922 0.307383 0.041469 0.054828
0 0.825039 0.852773 0.034453 0.042828
0 0.057375 0.250891 0.039156 0.040062
0 0.401859 0.060508 0.036250 0.045641
0 0.983758 0.086969 0.032234 0.046969
0 0.312133 0.827094 0.037359 0.043031
0 0.182203 0.888031 0.037219 0.048813
0 0.982242 0.270445 0.034734 0.041953
0 0.354961 0.820844 0.036734 0.044812
0 0.537969 0.613352 0.041750 0.043109
0 0.064328 0.897656 0.036531 0.046500
0 0.056867 0.696930 0.036328 0.046703
0 0.302445 0.122898 0.040703 0.050016
0 0.958500 0.211891 0.035531 0.039312
0 0.314883 0.685516 0.042047 0.046469
0 0.219094 0.299898 0.036562 0.040047
0 0.440953 0.297203 0.041188 0.047656
0 0.774586 0.232742 0.036703 0.042766
0 0.095203 0.697039 0.043750 0.053641
0 0.135836 0.436977 0.038203 0.042766
0 0.624320 0.862414 0.034328 0.037547
0 0.829867 0.412367 0.040734 0.043734
0 0.451141 0.615508 0.037188 0.044297
0 0.673664 0.287563 0.033859 0.037344
0 0.897289 0.277438 0.040797 0.043438
0 0.179297 0.070500 0.036969 0.044375
0 0.601914 0.424492 0.038078 0.046234
0 0.477586 0.675531 0.040109 0.044000
0 0.923844 0.409055 0.035656 0.037703
0 0.501773 0.869961 0.039672 0.049203
0 0.785219 0.855945 0.035438 0.042047
0 0.940258 0.088680 0.043734 0.055766
0 0.849609 0.087102 0.036688 0.038641
0 0.397125 0.683953 0.038875 0.043312
0 0.941289 0.269242 0.035547 0.040141
0 0.375070 0.242805 0.039016 0.042328
0 0.646109 0.420742 0.037844 0.039797
0 0.141953 0.889961 0.037719 0.043297
0 0.359859 0.064883 0.037250 0.043422
0 0.756766 0.473469 0.040313 0.044781
0 0.101219 0.896477 0.035281 0.047703
0 0.879523 0.794250 0.032984 0.039875
0 0.550875 0.107508 0.035625 0.043391
0 0.800859 0.800820 0.035937 0.038359
0 0.722664 0.803305 0.040891 0.046797
0 0.620195 0.610141 0.034391 0.040219
0 0.605953 0.237250 0.035625 0.038437
0 0.232883 0.630687 0.037578 0.044844
0 0.917148 0.220969 0.036266 0.039563
0 0.255289 0.884773 0.033234 0.042266
0 0.851992 0.595523 0.035266 0.040922
0 0.135711 0.693352 0.039328 0.048266
0 0.049813 0.134633 0.038312 0.044891
0 0.713391 0.288148 0.034156 0.038891
0 0.540109 0.477867 0.040625 0.043797
0 0.594867 0.108570 0.036766 0.038578
0 0.108609 0.501516 0.039437 0.039781
0 0.423055 0.423836 0.034734 0.041703
0 0.103359 0.070312 0.033813 0.040219
0 0.694344 0.037859 0.034875 0.041719
0 0.268219 0.494773 0.037531 0.041172
0 0.722680 0.089047 0.036266 0.037313
0 0.491625 0.299734 0.037312 0.040531
0 0.317664 0.066227 0.042078 0.050516
0 0.141727 0.071266 0.034234 0.041281
0 0.556906 0.423883 0.037875 0.039672
0 0.125750 0.301828 0.038094 0.045156
0 0.603992 0.807547 0.042328 0.046469
0 0.460227 0.869953 0.038016 0.050250
0 0.378273 0.871813 0.041203 0.048344
0 0.216070 0.495148 0.039297 0.040891
0 0.242617 0.243391 0.039141 0.042656
0 0.778320 0.413633 0.044516 0.052359
0 0.220023 0.687844 0.032984 0.038250
0 0.764367 0.089984 0.037484 0.042531
0 0.722187 0.658039 0.036156 0.045641
0 0.603078 0.042781 0.040031 0.050250
0 0.842766 0.799086 0.034563 0.039328
0 0.734375 0.232523 0.036937 0.044766
0 0.753867 0.288258 0.036328 0.042766
0 0.191812 0.633578 0.037125 0.041406
0 0.480711 0.810102 0.039516 0.043672
0 0.650344 0.235055 0.033406 0.037984
0 0.541820 0.863234 0.032234 0.037406
0 0.026078 0.898594 0.037406 0.049781
0 0.168570 0.128180 0.034891 0.040672
0 0.159578 0.497945 0.034187 0.036328
0 0.566492 0.666406 0.035859 0.044063
0 0.737008 0.599984 0.037953 0.036625
0 0.177820 0.690352 0.032609 0.037391
0 0.915312 0.647352 0.030938 0.037266
0 0.210594 0.125500 0.033312 0.036281
0 0.877797 0.411016 0.036250 0.040000
0 0.343594 0.115758 0.032563 0.039047
0 0.040609 0.638578 0.031938 0.040906
0 0.587984 0.293836 0.033969 0.043141
0 0.435437 0.813828 0.038187 0.040688
0 0.077984 0.298578 0.040844 0.051281
0 0.378914 0.430648 0.035797 0.042641
0 0.526406 0.674469 0.034312 0.040875
0 0.425492 0.116625 0.033203 0.036500
0 0.986930 0.463023 0.025891 0.035391
0 0.509508 0.111320 0.041047 0.056328
0 0.298977 0.879414 0.036516 0.036516
0 0.733797 0.415813 0.037531 0.038469
0 0.917211 0.794203 0.033516 0.042281
0 0.512961 0.242680 0.033484 0.040453
0 0.558977 0.238875 0.040234 0.038469
0 0.328086 0.621844 0.035234 0.038625
0 0.628664 0.474195 0.032828 0.039078
0 0.960070 0.650398 0.033797 0.034828
0 0.851609 0.461266 0.032031 0.038844
0 0.587008 0.478266 0.035828 0.036219
0 0.799148 0.286742 0.038766 0.040797
0 0.076219 0.636953 0.031937 0.037906
0 0.487383 0.478594 0.035234 0.038906
0 0.672187 0.472813 0.035594 0.040437
0 0.482773 0.052500 0.032109 0.037687
0 0.627477 0.294797 0.034797 0.039781
0 0.746297 0.857125 0.030469 0.037125
0 0.971445 0.591977 0.031641 0.032672
0 0.286078 0.438695 0.034656 0.038453
0 0.682000 0.805883 0.034750 0.043109
0 0.384594 0.117648 0.033781 0.036953
0 0.868039 0.225195 0.041484 0.049359
0 0.238063 0.445102 0.040281 0.051609
0 0.579453 0.865297 0.031812 0.035812
0 0.764031 0.651398 0.033875 0.039359
0 0.762187 0.802078 0.031375 0.035375
0 0.310109 0.495031 0.034063 0.039500
0 0.492734 0.616437 0.031062 0.036625
0 0.862953 0.854078 0.031531 0.035250
0 0.957492 0.028531 0.029703 0.029562
0 0.777383 0.600211 0.027797 0.031859
0 0.471180 0.242422 0.036297 0.037375
0 0.153266 0.634453 0.034750 0.041625
0 0.813727 0.597562 0.031797 0.036250
0 0.885836 0.987773 0.030984 0.024297
0 0.224805 0.066227 0.037328 0.045016
0 0.926742 0.986273 0.036766 0.025859
0 0.645984 0.665266 0.036219 0.040062
0 0.933781 0.590781 0.030156 0.034469
0 0.825062 0.228664 0.037625 0.040859
0 0.222125 0.882883 0.030313 0.042266
0 0.683633 0.660562 0.030641 0.035937
0 0.408805 0.479687 0.029047 0.032813
0 0.283305 0.244727 0.031203 0.037203
0 0.900938 0.856195 0.032062 0.033797
0 0.967680 0.404875 0.031203 0.034437
0 0.907164 0.467359 0.036422 0.045000
0 0.689031 0.238109 0.035594 0.041969
0 0.395633 0.817766 0.031547 0.037312
0 0.418031 0.242031 0.034438 0.034781
0 0.659398 0.603656 0.035703 0.036000
0 0.199250 0.247078 0.034219 0.038844
0 0.084844 0.128477 0.036437 0.049047
0 0.412734 0.622750 0.035188 0.038656
0 0.714086 0.470047 0.031266 0.037188
0 0.364930 0.494867 0.042141 0.049516
0 0.012672 0.248242 0.025062 0.036391
0 0.563711 0.808250 0.032797 0.041219
0 0.103766 0.249898 0.035344 0.039703
0 0.447984 0.486414 0.037031 0.046922
0 0.196320 0.833047 0.028609 0.032750
0 0.157719 0.827992 0.031188 0.035047
0 0.582820 0.612648 0.029891 0.033578
0 0.116062 0.635797 0.037812 0.041438
0 0.834367 0.651672 0.028516 0.033812
0 0.602859 0.667414 0.033000 0.039391
0 0.141289 0.255789 0.038172 0.039922
0 0.438234 0.678336 0.033937 0.039328
0 0.800086 0.651469 0.029422 0.037656
0 0.400906 0.298609 0.031875 0.034406
0 0.088586 0.445375 0.037922 0.049875
0 0.358469 0.679656 0.030937 0.034187
0 0.893938 0.591562 0.026906 0.028156
0 0.081820 0.830164 0.026297 0.030422
0 0.017734 0.843711 0.035281 0.050891
0 0.967445 0.987102 0.031766 0.025203
0 0.013891 0.129430 0.027187 0.037047
0 0.274016 0.832945 0.030438 0.043078
0 0.019117 0.691406 0.031203 0.030656
0 0.337609 0.879398 0.030094 0.035922
0 0.370297 0.625023 0.033094 0.034328
0 0.281953 0.624828 0.036000 0.038875
0 0.564961 0.045695 0.027797 0.032109
0 0.804328 0.083781 0.027375 0.033344
0 0.641766 0.804547 0.030063 0.038750
0 0.423383 0.870828 0.032953 0.042219
0 0.047234 0.832664 0.033531 0.035266
0 0.068055 0.495836 0.031234 0.026609
0 0.042609 0.438883 0.038156 0.037578
0 0.328680 0.242828 0.046453 0.034063
