0 0.368805 0.079109 0.045328 0.055969
0 0.114320 0.510578 0.046922 0.049844
0 0.438758 0.711047 0.047297 0.054906
0 0.782289 0.148047 0.044266 0.048656
0 0.436000 0.526539 0.046344 0.054828
0 0.146039 0.308344 0.039828 0.048750
0 0.163758 0.514242 0.047953 0.054109
0 0.192734 0.859656 0.042344 0.047187
0 0.965695 0.151508 0.052672 0.061953
0 0.207414 0.121773 0.040359 0.050016
0 0.414789 0.336453 0.043547 0.051719
0 0.085984 0.700375 0.045000 0.053531
0 0.340641 0.135492 0.042125 0.048672
0 0.109203 0.858344 0.040125 0.045406
0 0.213391 0.915852 0.048969 0.063641
0 0.391352 0.711844 0.042703 0.049406
0 0.337602 0.917602 0.050328 0.063766
0 0.109656 0.110180 0.040531 0.047953
0 0.867148 0.474227 0.046859 0.054828
0 0.386328 0.136531 0.043187 0.052531
0 0.347313 0.707617 0.047500 0.058391
0 0.621578 0.709523 0.044875 0.049047
0 0.065422 0.110273 0.039969 0.043047
0 0.932141 0.534695 0.043187 0.049266
0 0.248641 0.121062 0.040781 0.050719
0 0.044594 0.700828 0.038781 0.054344
0 0.487539 0.713469 0.041828 0.053812
0 0.831750 0.146984 0.042875 0.052750
0 0.329273 0.324148 0.042672 0.052734
0 0.803133 0.710500 0.040016 0.047281
0 0.793984 0.285773 0.043125 0.047828
0 0.384633 0.923484 0.039078 0.049094
0 0.171891 0.262039 0.040188 0.041891
0 0.977633 0.540102 0.043641 0.058953
0 0.512953 0.657820 0.041781 0.048984
0 0.715422 0.716172 0.046188 0.061125
0 0.132367 0.702562 0.041891 0.051344
0 0.877789 0.147937 0.045516 0.056500
0 0.560477 0.139000 0.043891 0.051719
0 0.258344 0.915602 0.040937 0.059422
0 0.647125 0.473883 0.039750 0.043484
0 0.933680 0.879750 0.044234 0.057844
0 0.109937 0.646258 0.043094 0.046172
0 0.469109 0.140703 0.045688 0.057156
0 0.257227 0.519547 0.048953 0.055531
0 0.286680 0.321172 0.035078 0.043250
0 0.978992 0.892031 0.040953 0.052812
0 0.657586 0.531758 0.048797 0.055047
0 0.370695 0.335133 0.040484 0.052203
0 0.860039 0.931695 0.037859 0.042766
0 0.687984 0.925367 0.042188 0.050047
0 0.576680 0.709695 0.037953 0.047266
0 0.210016 0.513742 0.041188 0.052172
0 0.847352 0.710000 0.042391 0.047875
0 0.915836 0.481195 0.044172 0.048047
0 0.725187 0.342594 0.042062 0.046562
0 0.304484 0.706602 0.039156 0.049328
0 0.732664 0.921883 0.048703 0.052766
0 0.523945 0.529828 0.044578 0.054437
0 0.760680 0.712508 0.039141 0.048797
0 0.687953 0.142133 0.042312 0.054922
0 0.087820 0.910828 0.046109 0.057969
0 0.044344 0.913883 0.043844 0.058734
0 0.669445 0.712953 0.044391 0.051031
0 0.055141 0.458234 0.040906 0.043500
0 0.935852 0.711945 0.040266 0.050141
0 0.679703 0.343773 0.045344 0.056234
0 0.307609 0.517109 0.043344 0.046312
0 0.944477 0.939422 0.041109 0.044750
0 0.497211 0.864359 0.045547 0.051031
0 0.237953 0.858250 0.038500 0.044969
0 0.067062 0.514484 0.039344 0.047875
0 0.817898 0.928516 0.039953 0.052812
0 0.651578 0.660664 0.036625 0.040547
0 0.409250 0.864250 0.043312 0.047469
0 0.475414 0.920266 0.047359 0.057094
0 0.954539 0.347031 0.040641 0.053875
0 0.335625 0.651234 0.039062 0.046312
0 0.541570 0.868383 0.037078 0.044109
0 0.558469 0.922344 0.041625 0.053062
0 0.586836 0.341094 0.039203 0.053219
0 0.291664 0.646711 0.040953 0.045672
0 0.691555 0.474992 0.039078 0.045047
0 0.769805 0.336898 0.036734 0.043297
0 0.718664 0.092867 0.045516 0.054047
0 0.908367 0.095711 0.038391 0.044734
0 0.659328 0.286531 0.039094 0.046000
0 0.282945 0.858289 0.034766 0.040609
0 0.740969 0.659367 0.041187 0.043953
0 0.787859 0.655828 0.043562 0.057875
0 0.706164 0.288516 0.039672 0.049906
0 0.261172 0.707516 0.043812 0.056906
0 0.067891 0.858938 0.035844 0.037813
0 0.261906 0.266320 0.041531 0.050672
0 0.042094 0.248367 0.035969 0.038547
0 0.978016 0.720641 0.043187 0.054969
0 0.813438 0.339820 0.038406 0.043672
0 0.319969 0.072555 0.044031 0.055078
0 0.217289 0.707172 0.042266 0.055156
0 0.479289 0.527320 0.040578 0.050453
0 0.877891 0.660656 0.038469 0.045063
0 0.631117 0.344813 0.042328 0.049500
0 0.175633 0.708070 0.033672 0.045516
0 0.533227 0.713547 0.043172 0.055594
0 0.020344 0.310742 0.040688 0.055328
0 0.516445 0.921195 0.038859 0.053172
0 0.832109 0.655133 0.038687 0.050859
0 0.902680 0.936648 0.035047 0.044047
0 0.889164 0.884125 0.035172 0.043906
0 0.584070 0.870477 0.034234 0.043016
0 0.514016 0.141930 0.042656 0.052641
0 0.558188 0.661438 0.040250 0.042344
0 0.130797 0.917570 0.042031 0.053703
0 0.193844 0.655117 0.039312 0.047047
0 0.494266 0.336445 0.039406 0.045297
0 0.611727 0.527281 0.035359 0.038656
0 0.947820 0.099352 0.042672 0.049234
0 0.309695 0.271492 0.039078 0.044422
0 0.777602 0.477477 0.039766 0.044328
0 0.931828 0.288641 0.047906 0.050438
0 0.233617 0.462289 0.041266 0.046078
0 0.187469 0.462508 0.033813 0.038641
0 0.296180 0.913844 0.034859 0.047063
0 0.394258 0.276594 0.039016 0.042750
0 0.554562 0.470547 0.042875 0.051438
0 0.920711 0.148953 0.036641 0.046875
0 0.822164 0.479352 0.041047 0.049734
0 0.614469 0.285859 0.038531 0.047031
0 0.601805 0.916711 0.036578 0.048172
0 0.888914 0.532562 0.033547 0.040437
0 0.417711 0.470172 0.037484 0.040437
0 0.350883 0.272852 0.034078 0.037516
0 0.748922 0.284641 0.036969 0.048469
0 0.816742 0.092328 0.041734 0.045938
0 0.599758 0.475898 0.039797 0.050297
0 0.160148 0.113898 0.046234 0.049734
0 0.065102 0.646234 0.034953 0.042219
0 0.669937 0.869484 0.039938 0.047031
0 0.733484 0.477070 0.038937 0.047297
0 0.024836 0.858602 0.036391 0.038891
0 0.839172 0.283383 0.037406 0.051359
0 0.570164 0.529625 0.032828 0.039156
0 0.981883 0.282695 0.035516 0.044016
0 0.464703 0.468688 0.039281 0.043625
0 0.508813 0.468977 0.039438 0.045984
0 0.428039 0.137883 0.032859 0.044359
0 0.279523 0.467797 0.036703 0.045875
0 0.182445 0.069141 0.036422 0.039688
0 0.467875 0.657305 0.033313 0.043547
0 0.644367 0.149523 0.038109 0.042922
0 0.863539 0.095148 0.035297 0.039266
0 0.709734 0.531195 0.043375 0.054984
0 0.023266 0.510773 0.041531 0.048203
0 0.758969 0.863961 0.040969 0.055641
0 0.604438 0.659766 0.033281 0.039937
0 0.014453 0.453828 0.028438 0.045000
0 0.854719 0.338844 0.035219 0.039719
0 0.153375 0.863914 0.030500 0.038453
0 0.370289 0.468313 0.040328 0.048969
0 0.527047 0.282000 0.043969 0.051562
0 0.012258 0.698758 0.024516 0.055234
0 0.959148 0.477953 0.036672 0.043781
0 0.427195 0.921906 0.037766 0.049406
0 0.883125 0.288492 0.037094 0.044891
0 0.366141 0.869063 0.039437 0.052000
0 0.894039 0.714297 0.038359 0.040594
0 0.453789 0.340000 0.029203 0.040344
0 0.847234 0.530211 0.036875 0.040641
0 0.008180 0.250445 0.016359 0.038609
0 0.235422 0.315711 0.036594 0.040047
0 0.105352 0.307812 0.037516 0.045406
0 0.011391 0.060633 0.022781 0.043953
0 0.244961 0.653984 0.036078 0.038469
0 0.535195 0.090219 0.040047 0.041656
0 0.735727 0.145711 0.037078 0.041797
0 0.777133 0.931508 0.038297 0.061672
0 0.908094 0.341586 0.041531 0.042734
0 0.293086 0.124031 0.035516 0.039750
0 0.382453 0.658453 0.029031 0.038406
0 0.801250 0.530008 0.041812 0.049047
0 0.033016 0.645930 0.034188 0.043016
0 0.218352 0.264805 0.035328 0.041484
0 0.146313 0.463953 0.034563 0.038125
0 0.716516 0.870875 0.041406 0.047750
0 0.672070 0.088547 0.048359 0.042094
0 0.583852 0.084961 0.040297 0.033141
0 0.494281 0.084516 0.042094 0.046562
0 0.458906 0.081383 0.034031 0.043891
0 0.416359 0.076906 0.029563 0.036719
0 0.275742 0.070187 0.034922 0.048375
0 0.226922 0.062125 0.039406 0.044781
0 0.142281 0.064812 0.036719 0.034031
0 0.097953 0.063023 0.062687 0.037609
0 0.049586 0.060336 0.026859 0.035828
0 0.085414 0.255141 0.030453 0.040313
0 0.127953 0.251109 0.045688 0.035812
0 0.063016 0.307984 0.039406 0.043875
0 0.542195 0.333062 0.035828 0.040313
0 0.762086 0.093469 0.040297 0.044781
0 0.987398 0.094820 0.025203 0.045672
0 0.324102 0.462039 0.038516 0.045672
0 0.101984 0.459797 0.047469 0.039406
0 0.153477 0.646539 0.035828 0.056422
0 0.169602 0.915687 0.032234 0.048375
0 0.453078 0.865984 0.036719 0.040312
0 0.802391 0.875836 0.042094 0.051047
0 0.845383 0.878969 0.034922 0.034031
0 0.631766 0.870008 0.043000 0.041203
0 0.644305 0.928672 0.044797 0.063594
0 0.196023 0.312906 0.045672 0.039406
0 0.752234 0.530109 0.034938 0.045688
0 0.604445 0.148555 0.034922 0.040297
0 0.324281 0.860563 0.039375 0.038344
0 0.425313 0.657969 0.038344 0.043531
0 0.967828 0.665227 0.043531 0.049734
0 0.983914 0.955391 0.032172 0.076688
