0 0.184414 0.127609 0.036859 0.032406
0 0.250133 0.299945 0.051703 0.045734
0 0.605461 0.153484 0.041641 0.046969
0 0.045727 0.375688 0.038922 0.041344
0 0.648883 0.481703 0.039516 0.038750
0 0.410383 0.397828 0.038078 0.035875
0 0.056516 0.698594 0.035688 0.034781
0 0.256625 0.455078 0.037031 0.038094
0 0.243094 0.095969 0.034844 0.035000
0 0.035031 0.150047 0.038781 0.036406
0 0.607789 0.049000 0.036078 0.034062
0 0.260078 0.551070 0.035937 0.033359
0 0.379594 0.086914 0.035906 0.034578
0 0.404133 0.639062 0.041266 0.037750
0 0.433812 0.057531 0.038250 0.035250
0 0.645719 0.628055 0.038375 0.040203
0 0.449477 0.234320 0.033297 0.034203
0 0.246352 0.147461 0.034422 0.032828
0 0.248383 0.202914 0.034328 0.031328
0 0.866086 0.120516 0.034578 0.036937
0 0.039602 0.205734 0.045391 0.043000
0 0.252633 0.350914 0.038172 0.036547
0 0.652320 0.733602 0.034016 0.036359
0 0.177500 0.027578 0.042656 0.038594
0 0.886852 0.488711 0.035828 0.032109
0 0.190891 0.486414 0.033187 0.034953
0 0.381406 0.040734 0.033937 0.032500
0 0.182984 0.078016 0.034625 0.032469
0 0.601344 0.557555 0.038438 0.039516
0 0.600437 0.304234 0.036156 0.034437
0 0.040141 0.431227 0.035406 0.036453
0 0.650477 0.375758 0.035172 0.031703
0 0.251656 0.399953 0.033563 0.034094
0 0.199188 0.534406 0.033813 0.032187
0 0.599242 0.454789 0.033641 0.032891
0 0.456922 0.283391 0.031125 0.031906
0 0.449719 0.760031 0.034469 0.038875
0 0.211078 0.724406 0.037969 0.037750
0 0.245242 0.250547 0.033047 0.030094
0 0.651531 0.328492 0.034531 0.030734
0 0.462766 0.503289 0.032250 0.030141
0 0.262773 0.697180 0.032516 0.038297
0 0.187180 0.430117 0.033828 0.034047
0 0.600602 0.402547 0.032172 0.029625
0 0.600313 0.352711 0.032656 0.030984
0 0.450617 0.709523 0.031953 0.031391
0 0.405672 0.349234 0.034844 0.033813
0 0.847633 0.664898 0.032203 0.031172
0 0.435242 0.101391 0.032266 0.030875
0 0.659578 0.123133 0.031031 0.030953
0 0.463852 0.411805 0.031234 0.028328
0 0.651547 0.425586 0.033563 0.031047
0 0.450602 0.658555 0.030172 0.031922
0 0.182828 0.328437 0.031375 0.029562
0 0.465742 0.452813 0.028203 0.029281
0 0.032969 0.098359 0.033063 0.031719
0 0.648359 0.527539 0.029312 0.028703
0 0.048766 0.642992 0.031875 0.029859
0 0.602250 0.254437 0.031188 0.032344
0 0.593555 0.715891 0.031391 0.031656
0 0.243406 0.046516 0.033781 0.031719
0 0.848289 0.566687 0.030609 0.028594
0 0.267133 0.598648 0.031016 0.032484
0 0.461070 0.325492 0.031047 0.030703
0 0.413078 0.588820 0.033062 0.031609
0 0.439875 0.144180 0.032906 0.035484
0 0.603703 0.203398 0.027219 0.029516
0 0.382391 0.172953 0.029937 0.031469
0 0.038312 0.037977 0.031906 0.031766
0 0.443867 0.190492 0.032141 0.032766
0 0.257367 0.502195 0.034672 0.034422
0 0.847953 0.616703 0.030938 0.030781
0 0.647852 0.679445 0.030109 0.031766
0 0.414031 0.484070 0.031781 0.031453
0 0.267102 0.647344 0.030953 0.031969
0 0.404836 0.735797 0.030078 0.032625
0 0.592148 0.659203 0.026672 0.029781
0 0.390344 0.217516 0.030531 0.026625
0 0.060406 0.747617 0.033656 0.033672
0 0.046695 0.537719 0.029141 0.030219
0 0.380828 0.126852 0.030437 0.028703
0 0.185031 0.280406 0.027625 0.026906
0 0.595219 0.610125 0.030687 0.030750
0 0.875500 0.224102 0.031344 0.031859
0 0.907461 0.635195 0.028203 0.030484
0 0.401180 0.302344 0.029203 0.027937
0 0.207406 0.579922 0.030875 0.029344
0 0.455391 0.609539 0.031969 0.033766
0 0.040164 0.261375 0.027891 0.030500
0 0.394648 0.259273 0.027266 0.028922
0 0.404766 0.683437 0.033000 0.033375
0 0.842648 0.462273 0.029609 0.033516
0 0.902164 0.587023 0.030422 0.029391
0 0.411836 0.539930 0.031203 0.030766
0 0.435781 0.013266 0.030344 0.025937
0 0.182328 0.230516 0.029219 0.028844
0 0.057500 0.805937 0.040125 0.043875
0 0.654492 0.173961 0.027234 0.028453
0 0.595195 0.506906 0.029203 0.028781
0 0.873812 0.331430 0.033281 0.034672
0 0.413727 0.439914 0.029797 0.028953
0 0.880859 0.378992 0.033063 0.031328
0 0.891695 0.537273 0.031578 0.029766
0 0.658234 0.277070 0.033844 0.035109
0 0.211883 0.634211 0.029984 0.028953
0 0.824883 0.155266 0.034734 0.032438
0 0.183859 0.179250 0.029906 0.030031
0 0.184352 0.382055 0.027766 0.027391
0 0.659234 0.070445 0.029844 0.028672
0 0.457766 0.560367 0.028750 0.029797
0 0.881641 0.428508 0.027938 0.028891
0 0.042664 0.318281 0.023453 0.024812
0 0.848070 0.765039 0.033734 0.037547
0 0.654367 0.224602 0.026984 0.028734
0 0.841039 0.517953 0.028547 0.027062
0 0.873664 0.172586 0.031234 0.029703
0 0.043477 0.481641 0.028547 0.029406
0 0.609211 0.097750 0.027703 0.028375
0 0.643781 0.577688 0.027125 0.029125
0 0.589859 0.760102 0.031219 0.030641
0 0.656312 0.021836 0.031594 0.033703
0 0.826484 0.304773 0.033781 0.034859
0 0.404563 0.783258 0.028938 0.032047
0 0.212062 0.678469 0.029000 0.027344
0 0.834266 0.411750 0.035281 0.031563
0 0.010789 0.725078 0.021578 0.036156
0 0.008125 0.562836 0.016250 0.037953
0 0.007797 0.668828 0.015594 0.030938
0 0.847141 0.716641 0.028094 0.028719
0 0.827781 0.254227 0.032469 0.033516
0 0.007891 0.614477 0.015781 0.033141
0 0.806352 0.053656 0.027078 0.027406
0 0.826609 0.366180 0.031438 0.030484
0 0.047234 0.586930 0.025844 0.026516
0 0.825828 0.202305 0.035750 0.034797
0 0.819641 0.100562 0.027750 0.030969
0 0.006273 0.516617 0.012547 0.030016
0 0.462047 0.366391 0.028344 0.032844
0 0.856656 0.076078 0.025250 0.025969
