0 0.355094 0.439242 0.036625 0.040453
0 0.366844 0.845719 0.042406 0.048438
0 0.669820 0.485414 0.045391 0.044984
0 0.847969 0.831680 0.047156 0.054578
0 0.246312 0.117750 0.051562 0.059750
0 0.160359 0.110969 0.037156 0.044344
0 0.840789 0.624211 0.044484 0.047891
0 0.886117 0.432781 0.038297 0.048469
0 0.486102 0.847938 0.038109 0.044313
0 0.817602 0.697031 0.043609 0.049406
0 0.971969 0.278266 0.051375 0.062750
0 0.527523 0.848156 0.038609 0.045063
0 0.170008 0.246156 0.039797 0.049531
0 0.062492 0.926859 0.040391 0.045813
0 0.519656 0.298203 0.040688 0.049906
0 0.590563 0.908914 0.040500 0.048828
0 0.774133 0.433617 0.038797 0.047609
0 0.947094 0.221078 0.039813 0.042531
0 0.334008 0.497906 0.045391 0.059406
0 0.209156 0.498547 0.040563 0.047687
0 0.387094 0.911156 0.037250 0.047375
0 0.323609 0.846078 0.038750 0.043562
0 0.409367 0.849055 0.035891 0.046859
0 0.105844 0.444805 0.042688 0.049797
0 0.632437 0.906594 0.041469 0.054344
0 0.468375 0.910562 0.037500 0.047750
0 0.289773 0.498133 0.039078 0.047703
0 0.189555 0.049109 0.041953 0.048625
0 0.440047 0.299016 0.045812 0.055938
0 0.930937 0.822148 0.035469 0.042203
0 0.783188 0.233492 0.037844 0.046016
0 0.871992 0.889102 0.034953 0.039578
0 0.606211 0.845477 0.039609 0.045922
0 0.982148 0.483039 0.035328 0.051109
0 0.238055 0.713539 0.038766 0.050516
0 0.644008 0.436273 0.041266 0.048547
0 0.913492 0.884359 0.035234 0.042656
0 0.729711 0.434352 0.039859 0.047109
0 0.428750 0.911078 0.038687 0.048406
0 0.734469 0.104984 0.045937 0.054125
0 0.369945 0.108523 0.042359 0.055516
0 0.332500 0.244359 0.038156 0.043563
0 0.345078 0.913844 0.038469 0.046250
0 0.918414 0.034336 0.040484 0.044703
0 0.675391 0.904031 0.041313 0.051781
0 0.941469 0.486805 0.040313 0.043234
0 0.981539 0.088781 0.036172 0.052531
0 0.649320 0.845211 0.039016 0.045391
0 0.159914 0.709266 0.035172 0.043438
0 0.926141 0.434820 0.034531 0.042453
0 0.127570 0.502922 0.041828 0.051594
0 0.373695 0.243273 0.040891 0.047578
0 0.806836 0.285531 0.036828 0.043125
0 0.692039 0.100516 0.039891 0.051187
0 0.623563 0.702789 0.039531 0.043953
0 0.561414 0.298781 0.037766 0.048187
0 0.428859 0.706820 0.040281 0.052016
0 0.817250 0.433469 0.036188 0.044937
0 0.047609 0.113469 0.034594 0.043750
0 0.784219 0.099672 0.038250 0.048344
0 0.115172 0.859773 0.038188 0.042047
0 0.290102 0.113180 0.042141 0.052891
0 0.231117 0.047063 0.039859 0.051281
0 0.120438 0.712617 0.034437 0.042297
0 0.501266 0.493984 0.039062 0.045719
0 0.836234 0.487531 0.038031 0.047281
0 0.168852 0.499945 0.034234 0.042328
0 0.085734 0.110008 0.033094 0.043797
0 0.446852 0.846102 0.030828 0.038391
0 0.393867 0.302508 0.058547 0.072391
0 0.904141 0.225391 0.037750 0.041500
0 0.101430 0.923695 0.029422 0.039547
0 0.971016 0.819187 0.036875 0.040531
0 0.755656 0.486164 0.037219 0.041484
0 0.187664 0.440812 0.034859 0.043969
0 0.744320 0.231805 0.035391 0.044359
0 0.538055 0.243328 0.039234 0.045344
0 0.270711 0.305922 0.037641 0.051187
0 0.408750 0.110758 0.040687 0.053672
0 0.458594 0.492711 0.037469 0.044984
0 0.890539 0.825852 0.036828 0.045078
0 0.063312 0.447594 0.033313 0.036125
0 0.941781 0.613133 0.035969 0.041328
0 0.751648 0.900586 0.035328 0.039516
0 0.703680 0.235352 0.037828 0.043297
0 0.268133 0.439445 0.038578 0.046359
0 0.150539 0.306977 0.036328 0.042766
0 0.419406 0.495133 0.043906 0.055953
0 0.397977 0.439742 0.037953 0.037828
0 0.342352 0.644875 0.035766 0.041688
0 0.622211 0.486383 0.033703 0.038516
0 0.280617 0.709500 0.035391 0.046750
0 0.864406 0.097977 0.037063 0.047266
0 0.565133 0.647055 0.034359 0.042859
0 0.873367 0.485891 0.043578 0.056406
0 0.686234 0.431414 0.042812 0.055734
0 0.311937 0.301219 0.040563 0.051312
0 0.528867 0.646203 0.034547 0.043562
0 0.198445 0.853203 0.042234 0.045813
0 0.704523 0.696672 0.036266 0.042625
0 0.198578 0.712500 0.032750 0.039438
0 0.547984 0.703305 0.037656 0.045141
0 0.803898 0.835445 0.034922 0.042516
0 0.834117 0.896148 0.031953 0.040703
0 0.062875 0.050117 0.034562 0.042234
0 0.658773 0.243570 0.037484 0.041297
0 0.311008 0.438805 0.034672 0.039703
0 0.274695 0.045352 0.034234 0.037922
0 0.317375 0.707281 0.033750 0.043031
0 0.139016 0.922742 0.034875 0.048828
0 0.864461 0.226945 0.036516 0.043516
0 0.330508 0.113359 0.046828 0.069281
0 0.261625 0.917484 0.036281 0.038281
0 0.250500 0.499297 0.032000 0.039438
0 0.498656 0.244539 0.035625 0.040234
0 0.356914 0.703422 0.040297 0.053094
0 0.826297 0.099164 0.037969 0.049984
0 0.181008 0.913766 0.036266 0.040688
0 0.356063 0.045938 0.034906 0.040781
0 0.725383 0.634188 0.033984 0.041781
0 0.378977 0.498227 0.048641 0.065266
0 0.901250 0.096672 0.035906 0.048188
0 0.417141 0.646648 0.033781 0.044109
0 0.547953 0.911820 0.036219 0.046422
0 0.017352 0.250172 0.033109 0.041469
0 0.282047 0.848039 0.032875 0.037922
0 0.227852 0.444734 0.040453 0.050906
0 0.243828 0.850586 0.033000 0.036891
0 0.048258 0.503016 0.031172 0.032594
0 0.104273 0.050320 0.037359 0.043328
0 0.088000 0.246133 0.035125 0.046766
0 0.127453 0.245664 0.034844 0.046297
0 0.471070 0.045141 0.036234 0.041437
0 0.683250 0.290578 0.041594 0.049188
0 0.538836 0.102023 0.037266 0.040641
0 0.315570 0.047063 0.035266 0.041656
0 0.482953 0.295180 0.033094 0.045609
0 0.109289 0.308016 0.031547 0.039094
0 0.627766 0.045703 0.039156 0.041188
0 0.469234 0.708359 0.030906 0.039344
0 0.765391 0.286461 0.037281 0.044891
0 0.146969 0.052008 0.038344 0.049984
0 0.928281 0.686578 0.030969 0.042188
0 0.566125 0.847812 0.030438 0.036469
0 0.390937 0.703133 0.035469 0.045422
0 0.147562 0.442594 0.035187 0.043750
0 0.076109 0.863250 0.036813 0.047781
0 0.211594 0.241984 0.034844 0.042781
0 0.644516 0.640227 0.034156 0.037484
0 0.450477 0.109898 0.035234 0.047797
0 0.025633 0.050219 0.033641 0.038562
0 0.941883 0.090539 0.038266 0.044859
0 0.392547 0.046453 0.033563 0.039000
0 0.714953 0.906641 0.032219 0.042188
0 0.490898 0.646180 0.030891 0.040672
0 0.038258 0.312023 0.031922 0.038234
0 0.139000 0.651086 0.035031 0.041484
0 0.715469 0.487445 0.032594 0.038391
0 0.926383 0.275469 0.034422 0.043156
0 0.826141 0.233055 0.032031 0.040578
0 0.616352 0.246031 0.040328 0.050469
0 0.209234 0.110438 0.028719 0.036188
0 0.892438 0.688250 0.033313 0.037844
0 0.509680 0.907766 0.032734 0.040938
0 0.054187 0.246641 0.031125 0.042375
0 0.652734 0.101594 0.037344 0.048750
0 0.220812 0.915586 0.033156 0.039297
0 0.123094 0.113328 0.034031 0.046312
0 0.507125 0.702805 0.033062 0.036922
0 0.684242 0.640461 0.034266 0.039047
0 0.258805 0.650797 0.037484 0.041875
0 0.581117 0.494625 0.042391 0.050000
0 0.585195 0.704625 0.029359 0.034563
0 0.876438 0.621344 0.030625 0.041063
0 0.084016 0.715758 0.026062 0.030984
0 0.598852 0.440414 0.040516 0.045016
0 0.662367 0.701023 0.031578 0.036172
0 0.575898 0.102836 0.034141 0.043109
0 0.781828 0.695273 0.031469 0.036672
0 0.797234 0.629117 0.030344 0.032484
0 0.549563 0.041789 0.036531 0.037016
0 0.418836 0.240500 0.036672 0.041125
0 0.050594 0.717766 0.031969 0.035094
0 0.791523 0.899625 0.027672 0.031188
0 0.305086 0.914687 0.031672 0.036375
0 0.963734 0.429414 0.031125 0.039422
0 0.458516 0.243047 0.030844 0.038688
0 0.516656 0.439875 0.032750 0.037750
0 0.796297 0.486859 0.029594 0.034875
0 0.350648 0.301891 0.042547 0.056094
0 0.154789 0.854594 0.030078 0.032844
0 0.615281 0.106648 0.038219 0.049297
0 0.453313 0.641656 0.031687 0.037031
0 0.099648 0.654523 0.032047 0.038484
0 0.955844 0.877688 0.032344 0.036656
0 0.232195 0.304086 0.034953 0.042578
0 0.963516 0.679211 0.032375 0.038172
0 0.382203 0.640695 0.032750 0.039016
0 0.850453 0.432641 0.026844 0.037656
0 0.576859 0.245680 0.037250 0.045672
0 0.886336 0.275305 0.033891 0.034766
0 0.672172 0.037852 0.039188 0.051828
0 0.507773 0.040094 0.032609 0.034594
0 0.987023 0.220312 0.025953 0.040844
0 0.432023 0.045109 0.034859 0.039563
0 0.439367 0.439117 0.032609 0.033797
0 0.293445 0.241391 0.031609 0.034281
0 0.556203 0.441219 0.030938 0.037219
0 0.589203 0.044961 0.032688 0.040453
0 0.027125 0.446922 0.026906 0.035563
0 0.769484 0.840008 0.031531 0.035859
0 0.486680 0.107703 0.038391 0.049937
0 0.758328 0.038961 0.031000 0.036703
0 0.065773 0.652344 0.031766 0.034563
0 0.983070 0.615852 0.032422 0.039672
0 0.691781 0.840844 0.028812 0.033156
0 0.479258 0.438344 0.032391 0.036062
0 0.192297 0.304352 0.030969 0.036641
0 0.013391 0.503742 0.026125 0.034109
0 0.808422 0.043516 0.055406 0.054500
0 0.599094 0.294203 0.035031 0.041875
0 0.957586 0.028078 0.031234 0.032313
0 0.073234 0.309180 0.027906 0.039391
0 0.729039 0.288055 0.038891 0.044859
0 0.881797 0.030469 0.026562 0.029781
0 0.908617 0.616516 0.027453 0.036469
0 0.215891 0.651828 0.033656 0.037031
0 0.714414 0.036297 0.043359 0.048000
0 0.849930 0.034977 0.030109 0.041484
0 0.251477 0.238695 0.038797 0.035453
0 0.847258 0.285195 0.032797 0.041484
0 0.085891 0.498289 0.034125 0.031453
0 0.908477 0.485234 0.028109 0.037469
0 0.178547 0.649484 0.034781 0.034125
0 0.601383 0.645477 0.028109 0.035453
0 0.300984 0.648484 0.024094 0.024094
0 0.730180 0.844516 0.030109 0.029437
0 0.987758 0.877633 0.023422 0.042141
0 0.538281 0.494445 0.033531 0.045109
