0 0.073508 0.819266 0.044297 0.039094
0 0.405734 0.733469 0.037875 0.040906
0 0.040812 0.590367 0.039406 0.041297
0 0.234055 0.850898 0.036016 0.034359
0 0.680766 0.880227 0.042250 0.042953
0 0.462594 0.748008 0.035344 0.035234
0 0.084070 0.921102 0.037984 0.038141
0 0.049953 0.634672 0.033000 0.032969
0 0.579438 0.590273 0.039562 0.040391
0 0.485766 0.900062 0.036937 0.034594
0 0.806250 0.933312 0.034750 0.033656
0 0.288906 0.783875 0.032313 0.031219
0 0.630062 0.554375 0.042344 0.043813
0 0.625437 0.506555 0.038281 0.038453
0 0.607812 0.808312 0.031219 0.033750
0 0.301633 0.922852 0.031859 0.031297
0 0.475750 0.854422 0.034312 0.034000
0 0.225883 0.735125 0.034109 0.033906
0 0.677133 0.827945 0.037297 0.036578
0 0.296516 0.865945 0.035219 0.031359
0 0.223422 0.582281 0.034750 0.036188
0 0.399234 0.677687 0.036219 0.032656
0 0.052664 0.678930 0.035984 0.034891
0 0.276492 0.521961 0.034547 0.030766
0 0.683781 0.938195 0.031687 0.033547
0 0.668266 0.772422 0.035344 0.034937
0 0.843508 0.808867 0.039641 0.038859
0 0.227492 0.771430 0.029016 0.029016
0 0.864352 0.947273 0.035391 0.038484
0 0.290523 0.824820 0.032203 0.032641
0 0.221516 0.540211 0.030469 0.029891
0 0.388359 0.573922 0.032563 0.035219
0 0.251836 0.946844 0.031234 0.032437
0 0.430375 0.939031 0.029094 0.031531
0 0.078836 0.871133 0.029078 0.032484
0 0.466977 0.800406 0.029359 0.029344
0 0.814219 0.978508 0.037969 0.037953
0 0.390437 0.620445 0.031750 0.034797
0 0.285078 0.745984 0.029375 0.028187
0 0.603477 0.756008 0.030172 0.032359
0 0.443141 0.540570 0.035687 0.035422
0 0.021727 0.946727 0.030203 0.032828
0 0.415258 0.782727 0.030172 0.029391
0 0.492898 0.952039 0.030359 0.030422
0 0.230414 0.811797 0.024703 0.025281
0 0.594266 0.702242 0.029750 0.033797
0 0.062430 0.728547 0.030203 0.028188
0 0.221914 0.626703 0.034984 0.034031
0 0.663891 0.724891 0.031031 0.030906
0 0.619953 0.863664 0.028844 0.030453
0 0.803672 0.887906 0.028813 0.029906
0 0.021172 0.900961 0.029750 0.032266
0 0.436430 0.483172 0.036703 0.039313
0 0.439141 0.983812 0.031625 0.031000
0 0.423297 0.890539 0.026250 0.026984
0 0.796203 0.840797 0.030375 0.029656
0 0.275516 0.601812 0.033313 0.030406
0 0.874695 0.988594 0.043047 0.021406
0 0.041031 0.541859 0.027094 0.028844
0 0.011195 0.807734 0.022391 0.041844
0 0.377625 0.466891 0.035312 0.037813
0 0.568203 0.494922 0.038750 0.042375
0 0.642156 0.611047 0.029344 0.036281
0 0.420055 0.837125 0.030609 0.030531
0 0.016617 0.847625 0.028141 0.030156
0 0.068594 0.772352 0.028781 0.030391
0 0.789781 0.794117 0.030500 0.032953
0 0.627672 0.920203 0.025031 0.027438
0 0.253375 0.990539 0.033344 0.018109
0 0.093523 0.966352 0.026016 0.028234
0 0.689984 0.991500 0.028094 0.016281
0 0.631961 0.976391 0.025359 0.028844
0 0.030523 0.991891 0.032172 0.015469
0 0.594586 0.645148 0.037609 0.034828
0 0.450758 0.593445 0.047797 0.049453
0 0.454430 0.646273 0.044516 0.041734
0 0.246039 0.899211 0.041328 0.039922
0 0.662445 0.671227 0.042391 0.043578
0 0.457781 0.696578 0.037750 0.037844
0 0.280375 0.561461 0.039438 0.036703
0 0.384320 0.519531 0.042609 0.045469
0 0.304773 0.971266 0.036266 0.041344
