0 0.949312 0.089242 0.035781 0.031047
0 0.695742 0.019437 0.031234 0.029094
0 0.477828 0.309961 0.029969 0.027578
0 0.418484 0.188859 0.028781 0.029969
0 0.410086 0.152297 0.033578 0.026375
0 0.390297 0.102531 0.022781 0.020375
0 0.372320 0.062367 0.034766 0.023984
0 0.365727 0.024000 0.023984 0.016781
0 0.375914 0.226031 0.027578 0.025188
0 0.432273 0.351328 0.027578 0.026375
0 0.508406 0.487422 0.045562 0.039562
0 0.537781 0.434664 0.029969 0.025172
0 0.576148 0.467039 0.017984 0.029984
0 0.601328 0.503609 0.032375 0.021594
0 0.572562 0.553367 0.032375 0.027578
0 0.630711 0.527594 0.028766 0.033562
0 0.793180 0.235633 0.027578 0.037172
0 0.639102 0.911883 0.043172 0.034766
0 0.673875 0.951453 0.028781 0.022781
0 0.584547 0.825555 0.034781 0.029984
0 0.519203 0.751211 0.038375 0.039578
0 0.464641 0.669672 0.015594 0.022781
0 0.431633 0.629508 0.031109 0.033578
0 0.402891 0.590539 0.021594 0.029984
0 0.374711 0.552172 0.020391 0.025188
0 0.345945 0.525797 0.027578 0.025188
0 0.324352 0.485625 0.034766 0.021594
0 0.044375 0.420875 0.028781 0.026375
0 0.062969 0.466445 0.022781 0.021578
0 0.079156 0.508406 0.019187 0.021594
0 0.092938 0.556977 0.025188 0.027578
0 0.031195 0.558766 0.031172 0.021594
0 0.046172 0.602539 0.032375 0.027578
0 0.066562 0.639102 0.020375 0.021578
0 0.096539 0.678672 0.020391 0.021594
0 0.116922 0.719437 0.041969 0.021594
0 0.137906 0.773398 0.052750 0.038359
0 0.161883 0.818961 0.033578 0.026391
0 0.189461 0.846539 0.028766 0.026391
0 0.220641 0.878914 0.026375 0.023984
0 0.259609 0.916680 0.032375 0.034766
0 0.281789 0.949055 0.026391 0.020391
0 0.315367 0.982031 0.031172 0.028781
0 0.368719 0.958047 0.046750 0.043156
0 0.331547 0.922680 0.022781 0.020391
0 0.302773 0.901695 0.027578 0.016797
0 0.273992 0.863320 0.027578 0.033578
0 0.244016 0.830945 0.032375 0.031172
0 0.219438 0.796781 0.021594 0.029969
0 0.194859 0.754211 0.022781 0.021578
0 0.170281 0.715844 0.028781 0.028781
0 0.149297 0.673273 0.039562 0.037172
0 0.116922 0.635508 0.029969 0.038359
0 0.098937 0.600734 0.029969 0.026375
0 0.022195 0.815961 0.037172 0.020391
0 0.039578 0.853125 0.035969 0.032375
0 0.067156 0.896898 0.026375 0.019172
0 0.096539 0.937664 0.027578 0.021578
0 0.114523 0.979031 0.034766 0.029969
0 0.010805 0.904086 0.019172 0.023984
0 0.029391 0.937664 0.034781 0.026391
0 0.055773 0.985023 0.029984 0.027578
0 0.337414 0.146008 0.050891 0.050016
0 0.168281 0.045594 0.040531 0.042844
0 0.933133 0.048984 0.046172 0.039188
0 0.263266 0.271516 0.038094 0.041594
0 0.807844 0.270578 0.034344 0.034031
0 0.807273 0.109867 0.037141 0.034734
0 0.834055 0.744414 0.039547 0.041141
0 0.830867 0.363844 0.036734 0.035437
0 0.150797 0.133820 0.036937 0.037172
0 0.821594 0.150281 0.030750 0.028906
0 0.722602 0.614523 0.032484 0.031047
0 0.798914 0.065914 0.030516 0.028422
0 0.273680 0.400422 0.037766 0.037531
0 0.311609 0.059484 0.038719 0.035375
0 0.871914 0.312727 0.030266 0.030141
0 0.645461 0.613086 0.037328 0.034203
0 0.680344 0.647961 0.033844 0.038203
0 0.658570 0.562617 0.032859 0.032828
0 0.209336 0.135648 0.030891 0.032078
0 0.861094 0.274234 0.030063 0.028063
0 0.798367 0.666523 0.030578 0.029391
0 0.758008 0.648836 0.028891 0.032016
0 0.669406 0.853945 0.031531 0.033328
0 0.300320 0.020633 0.042016 0.038266
0 0.816852 0.314180 0.029297 0.029828
0 0.700539 0.890469 0.030672 0.029188
0 0.548633 0.688961 0.030203 0.033266
0 0.791695 0.725648 0.030984 0.033922
0 0.132484 0.088531 0.034344 0.032813
0 0.213102 0.265484 0.046703 0.041156
0 0.525062 0.389797 0.038000 0.035469
0 0.726625 0.114031 0.034281 0.031531
0 0.550141 0.783773 0.035500 0.034328
0 0.609836 0.578328 0.030453 0.030406
0 0.320789 0.102109 0.032422 0.029187
0 0.110008 0.039844 0.036609 0.034625
0 0.253609 0.354211 0.035375 0.036672
0 0.770492 0.190367 0.026797 0.028453
0 0.830336 0.687336 0.025859 0.030484
0 0.779469 0.025477 0.029312 0.030266
0 0.611563 0.866414 0.035219 0.031359
0 0.846297 0.234406 0.028469 0.031656
0 0.720195 0.665563 0.026484 0.031969
0 0.285984 0.315188 0.030719 0.030938
0 0.019492 0.376250 0.035766 0.036687
0 0.753719 0.698422 0.028063 0.030813
0 0.747977 0.150891 0.032109 0.031437
0 0.637406 0.804688 0.032531 0.032125
0 0.414141 0.311352 0.031219 0.030141
0 0.170406 0.180047 0.032344 0.032406
0 0.831406 0.184422 0.025156 0.023562
0 0.478648 0.439789 0.030422 0.033234
0 0.935633 0.740789 0.025859 0.026516
0 0.015852 0.509133 0.029734 0.032328
0 0.241211 0.224898 0.035578 0.032859
0 0.457133 0.397773 0.034484 0.033828
0 0.937336 0.807000 0.028766 0.026344
0 0.300586 0.442789 0.030484 0.033422
0 0.357914 0.189461 0.028109 0.029484
0 0.223680 0.182453 0.030609 0.029031
0 0.008898 0.462258 0.017797 0.036172
0 0.710320 0.063562 0.034047 0.034094
0 0.393641 0.265570 0.031937 0.030172
0 0.009555 0.324211 0.019109 0.037016
0 0.363055 0.445281 0.034203 0.032625
0 0.576102 0.730336 0.032578 0.031953
0 0.543953 0.517555 0.034000 0.032547
0 0.483289 0.708570 0.033203 0.032141
0 0.932078 0.011867 0.044250 0.023672
0 0.192039 0.090766 0.030141 0.030219
0 0.465109 0.265008 0.030187 0.031859
