0 0.162844 0.549578 0.030719 0.033312
0 0.238500 0.344461 0.034750 0.050172
0 0.069867 0.094219 0.026953 0.045594
0 0.211320 0.289563 0.025922 0.027969
0 0.246555 0.284383 0.042484 0.030047
0 0.269625 0.736305 0.048031 0.046828
0 0.115133 0.884289 0.042734 0.046078
0 0.261711 0.099937 0.037328 0.043188
0 0.062078 0.298656 0.035437 0.036875
0 0.141367 0.685570 0.040297 0.044047
0 0.104078 0.299805 0.036594 0.040578
0 0.193953 0.160781 0.042531 0.053937
0 0.200062 0.885383 0.036125 0.039453
0 0.093172 0.938312 0.040594 0.041469
0 0.096344 0.683859 0.037188 0.039156
0 0.120930 0.551469 0.040984 0.045813
0 0.271687 0.156883 0.042281 0.050234
0 0.215195 0.094055 0.041953 0.047172
0 0.080453 0.344672 0.037469 0.044000
0 0.016227 0.149133 0.032266 0.045078
0 0.069805 0.881492 0.041297 0.045641
0 0.199148 0.346602 0.037734 0.042766
0 0.051594 0.936719 0.033219 0.035937
0 0.074859 0.739977 0.037219 0.040953
0 0.042633 0.346719 0.034516 0.043344
0 0.218906 0.746648 0.045094 0.051391
0 0.183789 0.685578 0.040297 0.041750
0 0.273570 0.349148 0.040078 0.050484
0 0.162094 0.739461 0.040094 0.042828
0 0.033516 0.096281 0.041031 0.049094
0 0.141789 0.099641 0.030109 0.037344
0 0.232406 0.151070 0.030656 0.037734
0 0.179883 0.493586 0.034234 0.040891
0 0.223102 0.491227 0.033984 0.036391
0 0.141828 0.936852 0.032062 0.044766
0 0.022461 0.884172 0.034828 0.034594
0 0.124320 0.346680 0.032297 0.040609
0 0.236398 0.551078 0.030547 0.035344
0 0.274102 0.939969 0.041984 0.038219
0 0.102930 0.098273 0.036547 0.043609
0 0.122695 0.159867 0.032984 0.044609
0 0.200734 0.552672 0.031844 0.034969
0 0.076422 0.543461 0.034812 0.039453
0 0.153945 0.166297 0.035047 0.055594
0 0.260805 0.489336 0.031766 0.031859
0 0.175141 0.292000 0.030156 0.036937
0 0.052133 0.151195 0.036016 0.042828
0 0.587055 0.560984 0.035109 0.038500
0 0.182578 0.936352 0.037875 0.044172
0 0.243648 0.881836 0.034859 0.037734
0 0.024961 0.296852 0.029984 0.033547
0 0.234328 0.934781 0.032844 0.033844
0 0.159273 0.883500 0.030891 0.040187
0 0.141875 0.294016 0.029188 0.034000
0 0.177242 0.097547 0.026703 0.032312
0 0.274289 0.558602 0.037547 0.043047
0 0.159578 0.341977 0.026969 0.027672
0 0.087023 0.157031 0.032766 0.043562
0 0.146367 0.492797 0.032172 0.042500
