0 0.458219 0.765656 0.038500 0.038906
0 0.371258 0.630164 0.041891 0.043797
0 0.840703 0.590328 0.039469 0.040781
0 0.171102 0.723062 0.048297 0.045188
0 0.241500 0.737570 0.041750 0.038422
0 0.194969 0.897695 0.038094 0.034234
0 0.635477 0.971031 0.042734 0.042812
0 0.396789 0.850094 0.036922 0.037094
0 0.434336 0.506477 0.042359 0.040266
0 0.261398 0.911586 0.036484 0.032328
0 0.873539 0.819273 0.044516 0.039266
0 0.770000 0.572609 0.037563 0.036094
0 0.669250 0.790359 0.035406 0.034250
0 0.652547 0.647250 0.034625 0.035031
0 0.884031 0.921102 0.038000 0.038297
0 0.649398 0.550508 0.041734 0.041984
0 0.603773 0.774180 0.036922 0.034859
0 0.244328 0.782039 0.046156 0.035203
0 0.251523 0.827117 0.050828 0.041297
0 0.162516 0.674172 0.036656 0.034906
0 0.363695 0.534227 0.040078 0.034516
0 0.044219 0.892000 0.037281 0.038312
0 0.849969 0.634664 0.033281 0.033016
0 0.468758 0.875352 0.038391 0.035547
0 0.459914 0.823359 0.036891 0.034187
0 0.577953 0.577063 0.039938 0.037937
0 0.435164 0.599039 0.037516 0.034047
0 0.211344 0.646320 0.033906 0.036078
0 0.675492 0.839141 0.033547 0.033500
0 0.666328 0.749156 0.034875 0.034063
0 0.232664 0.691664 0.039828 0.035953
0 0.146359 0.582883 0.046781 0.048828
0 0.201523 0.939719 0.032828 0.027781
0 0.391531 0.795555 0.036000 0.039234
0 0.200117 0.600031 0.032266 0.033344
0 0.657914 0.697281 0.035422 0.034406
0 0.050086 0.942063 0.034703 0.031469
0 0.451766 0.710203 0.034688 0.033844
0 0.807094 0.806813 0.034594 0.039938
0 0.473742 0.927930 0.034703 0.031203
0 0.192430 0.855586 0.038141 0.035828
0 0.853281 0.680039 0.036250 0.036266
0 0.371516 0.576781 0.034625 0.031500
0 0.685570 0.885922 0.032953 0.033312
0 0.442289 0.655859 0.037516 0.035406
0 0.141852 0.533570 0.044109 0.043359
0 0.256453 0.870844 0.033688 0.030750
0 0.821187 0.946703 0.032094 0.031844
0 0.586906 0.627211 0.032281 0.030766
0 0.789891 0.712406 0.034094 0.033719
0 0.032727 0.789867 0.033891 0.034422
0 0.178625 0.768891 0.045594 0.037969
0 0.269922 0.986773 0.041563 0.025922
0 0.378422 0.686719 0.032250 0.032969
0 0.387648 0.740578 0.034484 0.030906
0 0.060352 0.984422 0.037766 0.030250
0 0.188992 0.813008 0.035797 0.033047
0 0.432289 0.553922 0.034797 0.032531
0 0.878859 0.871125 0.029156 0.032531
0 0.592898 0.676625 0.030953 0.033125
0 0.700070 0.984320 0.036359 0.030484
0 0.820242 0.900648 0.031953 0.032453
0 0.267383 0.950586 0.029672 0.028141
0 0.570930 0.487094 0.032547 0.035969
0 0.404031 0.906367 0.031969 0.035922
0 0.156516 0.633469 0.031969 0.031156
0 0.701500 0.941328 0.028031 0.029094
0 0.816000 0.847719 0.029750 0.029844
0 0.201781 0.978883 0.034375 0.033203
0 0.608453 0.817734 0.032500 0.033469
0 0.475367 0.980195 0.033484 0.031859
0 0.648859 0.604508 0.031969 0.026891
0 0.841062 0.541836 0.027344 0.028391
0 0.862383 0.728563 0.030391 0.028062
0 0.415828 0.962187 0.028281 0.027406
0 0.192320 0.545547 0.031766 0.034656
0 0.764695 0.521461 0.031984 0.036266
0 0.183961 0.503734 0.031953 0.030219
0 0.781797 0.663594 0.027500 0.031406
0 0.362703 0.476344 0.035125 0.036125
0 0.137523 0.487156 0.031328 0.032406
0 0.776250 0.618938 0.026000 0.026281
0 0.868594 0.772305 0.028969 0.030422
0 0.037289 0.844547 0.026734 0.025531
0 0.893492 0.966344 0.026078 0.028281
0 0.830133 0.991828 0.033266 0.015563
0 0.594484 0.728117 0.027687 0.028578
0 0.627445 0.919375 0.023859 0.027500
0 0.006570 0.973539 0.013141 0.037891
