0 0.160297 0.252188 0.030875 0.032625
0 0.237406 0.857922 0.043875 0.040500
0 0.025000 0.786742 0.035594 0.035391
0 0.243789 0.912375 0.044484 0.036375
0 0.220188 0.714727 0.041938 0.042328
0 0.217398 0.664969 0.040641 0.036531
0 0.184047 0.434875 0.033375 0.038687
0 0.022844 0.836516 0.034531 0.035375
0 0.132852 0.107414 0.040734 0.039547
0 0.192648 0.483156 0.034734 0.034250
0 0.164961 0.298406 0.034078 0.035937
0 0.039180 0.566992 0.033641 0.033516
0 0.143688 0.201984 0.037000 0.040625
0 0.211523 0.620836 0.033891 0.032359
0 0.081234 0.854234 0.034969 0.032781
0 0.078555 0.761164 0.029484 0.036016
0 0.198180 0.527523 0.036328 0.038078
0 0.051953 0.614680 0.031469 0.030453
0 0.244242 0.955055 0.035203 0.030766
0 0.228227 0.766914 0.030734 0.031297
0 0.031813 0.512813 0.032625 0.033875
0 0.066180 0.710445 0.026547 0.030984
0 0.235359 0.811570 0.035438 0.031234
0 0.090063 0.952695 0.029937 0.029484
0 0.021227 0.413734 0.030672 0.032094
0 0.083805 0.909125 0.030766 0.029469
0 0.083070 0.804445 0.028234 0.027141
0 0.056305 0.667078 0.033484 0.030906
0 0.026258 0.939898 0.031141 0.033203
0 0.203500 0.576445 0.029969 0.030766
0 0.017617 0.741641 0.026672 0.027750
0 0.245023 0.990437 0.036859 0.018094
0 0.177812 0.386445 0.029531 0.030734
0 0.302484 0.966945 0.030250 0.032359
0 0.144039 0.986422 0.046797 0.026594
0 0.014180 0.698859 0.026766 0.030469
0 0.134656 0.155906 0.029219 0.029906
0 0.027656 0.463922 0.027312 0.029219
0 0.302656 0.920266 0.026375 0.028344
0 0.169078 0.343258 0.030312 0.032734
0 0.009312 0.311656 0.018625 0.036437
0 0.011023 0.646258 0.022047 0.036234
0 0.010695 0.361352 0.021391 0.038141
0 0.037219 0.986867 0.029062 0.026047
0 0.089406 0.992312 0.029719 0.014531
0 0.023156 0.892039 0.029750 0.029797
