0 0.330375 0.858445 0.043813 0.039734
0 0.357055 0.063156 0.046922 0.046125
0 0.352875 0.160000 0.050937 0.045937
0 0.959977 0.547859 0.041797 0.036594
0 0.293031 0.346422 0.040750 0.036281
0 0.305008 0.088867 0.049266 0.045922
0 0.341961 0.950594 0.049297 0.040594
0 0.345500 0.369570 0.038219 0.039984
0 0.280742 0.440734 0.045547 0.045406
0 0.798219 0.587133 0.037031 0.035078
0 0.754805 0.894555 0.034516 0.033609
0 0.276742 0.694906 0.047516 0.050406
0 0.744031 0.482625 0.037094 0.033531
0 0.332344 0.466547 0.042844 0.042250
0 0.511367 0.635633 0.034859 0.033453
0 0.800703 0.723906 0.036313 0.032125
0 0.574570 0.561320 0.034266 0.033703
0 0.291602 0.293414 0.042234 0.040359
0 0.507617 0.682023 0.035078 0.034953
0 0.905820 0.522648 0.036891 0.034391
0 0.330859 0.516570 0.045219 0.045234
0 0.799648 0.768578 0.043359 0.040594
0 0.329422 0.607750 0.039094 0.035125
0 0.574719 0.612773 0.033938 0.032609
0 0.815281 0.959258 0.036625 0.037859
0 0.279805 0.638531 0.043922 0.039781
0 0.741617 0.797281 0.034703 0.033312
0 0.351500 0.214789 0.044969 0.042922
0 0.966680 0.633414 0.036609 0.032547
0 0.924953 0.923094 0.038125 0.034156
0 0.327102 0.656273 0.037609 0.038828
0 0.516891 0.445375 0.034062 0.033031
0 0.545680 0.063586 0.034359 0.030109
0 0.346406 0.314867 0.041312 0.038641
0 0.510867 0.539125 0.035922 0.034563
0 0.585570 0.317312 0.036078 0.038187
0 0.927586 0.971430 0.037172 0.033203
0 0.295336 0.244039 0.041328 0.036891
0 0.545586 0.105117 0.037047 0.036953
0 0.570617 0.510742 0.032547 0.032484
0 0.738906 0.570688 0.032969 0.031125
0 0.800812 0.636344 0.032625 0.031719
0 0.337836 0.907008 0.034547 0.033328
0 0.923055 0.189570 0.032703 0.029766
0 0.924523 0.148430 0.034203 0.030766
0 0.300812 0.141844 0.047250 0.042969
0 0.800484 0.222727 0.031656 0.031578
0 0.287359 0.888492 0.048156 0.041234
0 0.289305 0.937133 0.040703 0.036297
0 0.351773 0.111898 0.036109 0.033641
0 0.513937 0.926937 0.031562 0.031781
0 0.810242 0.861516 0.039453 0.034344
0 0.575586 0.416742 0.033516 0.032547
0 0.752953 0.388063 0.036250 0.035000
0 0.303312 0.038406 0.038781 0.033813
0 0.751352 0.846562 0.030016 0.030969
0 0.512750 0.490469 0.034438 0.030844
0 0.585133 0.269898 0.033078 0.030391
0 0.604508 0.039578 0.038422 0.035969
0 0.751742 0.436055 0.033203 0.032016
0 0.740992 0.659672 0.035016 0.033313
0 0.281320 0.542234 0.041422 0.041906
0 0.962398 0.590008 0.037203 0.029922
0 0.801336 0.817719 0.035422 0.037750
0 0.799984 0.315961 0.034594 0.031703
0 0.359109 0.015445 0.035469 0.029828
0 0.805469 0.414211 0.034437 0.037422
0 0.758367 0.062766 0.032547 0.032344
0 0.536609 0.245750 0.031094 0.032437
0 0.526547 0.291117 0.033906 0.033734
0 0.587008 0.177781 0.031703 0.030313
0 0.512141 0.587867 0.031531 0.032297
0 0.802266 0.461977 0.030844 0.031297
0 0.289555 0.389453 0.038328 0.034625
0 0.572375 0.700594 0.030000 0.030219
0 0.968859 0.376234 0.036031 0.033188
0 0.752945 0.247398 0.031109 0.031016
0 0.278836 0.588883 0.042109 0.039891
0 0.742016 0.616492 0.033594 0.031266
0 0.923930 0.105930 0.039359 0.036422
0 0.351070 0.265539 0.034703 0.030828
0 0.329563 0.564539 0.038062 0.036953
0 0.325820 0.705117 0.034734 0.032703
0 0.758281 0.110695 0.033437 0.031797
0 0.563961 0.850266 0.030141 0.029312
0 0.282352 0.791695 0.045922 0.044828
0 0.602586 0.087203 0.029578 0.028875
0 0.909273 0.658422 0.031484 0.031125
0 0.333227 0.411914 0.036203 0.032297
0 0.815164 0.040570 0.029641 0.029391
0 0.976953 0.810211 0.033438 0.032641
0 0.753102 0.201930 0.035234 0.033391
0 0.909602 0.440320 0.030859 0.029953
0 0.571883 0.462461 0.029672 0.028984
0 0.757930 0.017320 0.037859 0.032578
0 0.917117 0.790180 0.035609 0.031984
0 0.524523 0.339180 0.032578 0.030172
0 0.975609 0.170102 0.031156 0.028641
0 0.741117 0.703711 0.029922 0.028859
0 0.794859 0.546055 0.029531 0.028797
0 0.587672 0.224906 0.030906 0.029844
0 0.804375 0.268680 0.032875 0.032609
0 0.959008 0.500219 0.037984 0.031687
0 0.803570 0.361508 0.029547 0.031672
0 0.797664 0.679016 0.029766 0.027125
0 0.569500 0.655922 0.032437 0.028688
0 0.927875 0.064523 0.029969 0.028109
0 0.582437 0.366344 0.031125 0.030594
0 0.797695 0.506141 0.029422 0.030656
0 0.918820 0.311750 0.027734 0.029000
0 0.974477 0.125914 0.028109 0.029578
0 0.765227 0.976305 0.035328 0.037797
0 0.753867 0.339945 0.029672 0.030672
0 0.564211 0.941586 0.032266 0.031797
0 0.564852 0.747750 0.027141 0.029250
0 0.915297 0.393945 0.028969 0.026828
0 0.912328 0.703141 0.030656 0.028281
0 0.760180 0.934477 0.029453 0.027766
0 0.518930 0.972695 0.031047 0.031734
0 0.971883 0.335437 0.027141 0.027594
0 0.331633 0.810547 0.032891 0.032031
0 0.327664 0.764508 0.034391 0.032891
0 0.740648 0.525391 0.030391 0.029500
0 0.507906 0.729852 0.031250 0.030703
0 0.280352 0.493617 0.038297 0.036422
0 0.505875 0.878063 0.029937 0.030219
0 0.281336 0.838750 0.034734 0.032906
0 0.978070 0.294164 0.030766 0.032141
0 0.921031 0.270750 0.027500 0.029687
0 0.918242 0.229852 0.030172 0.027297
0 0.900563 0.567414 0.033687 0.030734
0 0.975164 0.725945 0.031859 0.031266
0 0.282602 0.742203 0.032328 0.028000
0 0.591727 0.129172 0.032922 0.032000
0 0.811586 0.081109 0.030328 0.026094
0 0.508508 0.782977 0.029297 0.029672
0 0.542352 0.197617 0.028578 0.030328
0 0.804430 0.178508 0.028859 0.029141
0 0.982594 0.895656 0.034156 0.036688
0 0.738328 0.748133 0.029437 0.029734
0 0.922148 0.835305 0.030016 0.031516
0 0.977313 0.249797 0.029281 0.030531
0 0.554266 0.018008 0.029031 0.029172
0 0.543375 0.153859 0.026500 0.027375
0 0.504812 0.831305 0.029844 0.031859
0 0.921641 0.875328 0.027375 0.027937
0 0.929750 0.023664 0.027406 0.028766
0 0.905906 0.616031 0.030219 0.027187
0 0.918453 0.355734 0.032750 0.031500
0 0.287930 0.982453 0.034516 0.032500
0 0.564195 0.801078 0.028078 0.026219
0 0.755359 0.156172 0.029750 0.029062
0 0.514813 0.394859 0.028250 0.028219
0 0.558703 0.893211 0.028406 0.027672
0 0.805406 0.909828 0.029406 0.029094
0 0.807719 0.130688 0.027469 0.025813
0 0.979672 0.042609 0.028094 0.027281
0 0.752539 0.293711 0.029297 0.028203
0 0.977547 0.205539 0.024375 0.024609
0 0.976703 0.083844 0.027438 0.027312
0 0.342359 0.990336 0.039656 0.018203
0 0.964086 0.457148 0.031609 0.026578
0 0.970719 0.674242 0.030344 0.030797
0 0.977492 0.767641 0.028172 0.026344
0 0.966719 0.418211 0.026906 0.025141
0 0.984711 0.986211 0.029516 0.027328
0 0.299570 0.189672 0.030297 0.031563
0 0.983898 0.941516 0.030391 0.029312
0 0.906500 0.479781 0.027125 0.025844
0 0.917961 0.750141 0.027172 0.028938
0 0.981437 0.854641 0.025937 0.027344
0 0.566750 0.984711 0.033500 0.029422
