0 0.131398 0.895094 0.033891 0.039750
0 0.457586 0.879922 0.035516 0.041750
0 0.056195 0.841719 0.033078 0.034063
0 0.558328 0.984555 0.040531 0.029547
0 0.114539 0.959773 0.039797 0.044172
0 0.482156 0.959141 0.032437 0.030906
0 0.527328 0.923344 0.037312 0.043875
0 0.522695 0.976438 0.030953 0.035812
0 0.563703 0.938477 0.037437 0.040172
0 0.008687 0.876969 0.017375 0.033219
0 0.240383 0.971555 0.034703 0.038891
0 0.495797 0.897250 0.042344 0.046969
0 0.019781 0.821023 0.035094 0.038609
0 0.167969 0.924117 0.045969 0.054484
0 0.409742 0.920398 0.055922 0.061484
0 0.044281 0.906930 0.046187 0.051797
0 0.204828 0.948055 0.036813 0.041578
0 0.096414 0.868836 0.039734 0.044641
0 0.604812 0.961828 0.043375 0.047156
0 0.079852 0.929391 0.045359 0.053781
0 0.450086 0.937711 0.034547 0.038922
0 0.052570 0.514938 0.032797 0.032406
0 0.153117 0.980227 0.042797 0.038391
