0 0.056719 0.076078 0.024938 0.025969
0 0.028211 0.254289 0.031078 0.033453
0 0.279961 0.407852 0.049109 0.043422
0 0.301461 0.646367 0.037422 0.039422
0 0.282445 0.259188 0.037391 0.037750
0 0.268219 0.103070 0.040469 0.043453
0 0.283219 0.312078 0.037438 0.036563
0 0.280773 0.208852 0.034953 0.039828
0 0.282789 0.506789 0.038422 0.039859
0 0.199539 0.031930 0.040891 0.040266
0 0.506008 0.553047 0.038609 0.043094
0 0.440961 0.424297 0.035953 0.036031
0 0.279406 0.361383 0.044469 0.036516
0 0.066180 0.120328 0.033891 0.036531
0 0.231875 0.634055 0.034531 0.034609
0 0.204930 0.082359 0.034609 0.035281
0 0.448758 0.478078 0.034203 0.032813
0 0.456852 0.583008 0.032984 0.034016
0 0.226633 0.582266 0.037078 0.035656
0 0.438953 0.334930 0.034187 0.033766
0 0.222641 0.287914 0.033844 0.032703
0 0.086859 0.488719 0.035500 0.032063
0 0.494562 0.398430 0.034375 0.033609
0 0.219906 0.489336 0.032563 0.031609
0 0.487008 0.251289 0.034859 0.035922
0 0.274031 0.153906 0.034219 0.033937
0 0.420187 0.040008 0.032531 0.030172
0 0.426406 0.139625 0.031781 0.031469
0 0.047609 0.664898 0.032156 0.030953
0 0.495562 0.348820 0.034063 0.034922
0 0.027203 0.304602 0.032125 0.034297
0 0.048219 0.566680 0.030500 0.028641
0 0.424703 0.087469 0.031687 0.031313
0 0.483180 0.154195 0.032828 0.031359
0 0.460305 0.733242 0.032672 0.034828
0 0.224062 0.188188 0.033875 0.032250
0 0.047930 0.616688 0.030797 0.030687
0 0.282219 0.451875 0.030344 0.029094
0 0.429016 0.189109 0.029844 0.030969
0 0.223258 0.535859 0.034109 0.029844
0 0.041125 0.518008 0.028188 0.026953
0 0.441898 0.377211 0.027797 0.027016
0 0.028961 0.367227 0.051547 0.047359
0 0.457445 0.683297 0.028797 0.030250
0 0.263617 0.049156 0.032484 0.029594
0 0.222539 0.237516 0.034797 0.032250
0 0.434492 0.234023 0.029078 0.032047
0 0.500344 0.446469 0.031875 0.032469
0 0.075539 0.224062 0.030891 0.031594
0 0.214930 0.437273 0.031109 0.032734
0 0.107461 0.635156 0.027953 0.030406
0 0.489375 0.299398 0.030406 0.032734
0 0.475727 0.110453 0.027797 0.028250
0 0.472250 0.058242 0.030687 0.034016
0 0.102188 0.587008 0.030094 0.029297
0 0.480375 0.205180 0.029156 0.029016
0 0.297695 0.600094 0.029078 0.027625
0 0.215305 0.389320 0.029047 0.032016
0 0.512805 0.608625 0.029672 0.030594
0 0.073906 0.331359 0.032719 0.034594
0 0.042820 0.462234 0.029203 0.033312
0 0.455531 0.632414 0.027344 0.027641
0 0.218148 0.338703 0.033141 0.030031
0 0.222734 0.135328 0.032375 0.033813
0 0.520312 0.703086 0.027781 0.030109
0 0.091680 0.537195 0.031297 0.029578
0 0.080898 0.378992 0.032734 0.031359
0 0.289094 0.551719 0.028750 0.028344
0 0.524289 0.755711 0.028734 0.029109
0 0.081906 0.428117 0.028344 0.030359
0 0.232141 0.681977 0.029813 0.030766
0 0.072734 0.172023 0.028781 0.029297
0 0.451852 0.526305 0.029266 0.029641
0 0.048016 0.764297 0.034344 0.035687
0 0.470812 0.012766 0.031500 0.025250
0 0.435133 0.281203 0.029859 0.029594
0 0.514773 0.651148 0.026578 0.028203
0 0.505141 0.501414 0.033594 0.032484
0 0.025617 0.156250 0.033141 0.035937
0 0.047234 0.716609 0.028000 0.028500
0 0.304734 0.692453 0.028000 0.026031
0 0.107227 0.692078 0.022766 0.023031
0 0.034156 0.411664 0.034906 0.031234
0 0.026625 0.202695 0.033313 0.034016
