0 0.668859 0.284938 0.046687 0.042844
0 0.139820 0.973367 0.046266 0.049172
0 0.805680 0.775258 0.042203 0.038672
0 0.330742 0.724156 0.050766 0.050813
0 0.454711 0.334695 0.048328 0.044984
0 0.192672 0.483641 0.054000 0.048500
0 0.121070 0.620836 0.049266 0.041984
0 0.432367 0.072969 0.052203 0.048688
0 0.907289 0.130547 0.050734 0.053344
0 0.383547 0.764477 0.061938 0.057578
0 0.577227 0.583594 0.042297 0.043500
0 0.199758 0.397242 0.038641 0.037953
0 0.852219 0.087438 0.042469 0.040094
0 0.825883 0.598031 0.045484 0.039781
0 0.867602 0.348367 0.046078 0.040141
0 0.615539 0.736414 0.047859 0.042422
0 0.213703 0.271406 0.046281 0.039656
0 0.584234 0.898359 0.042438 0.041281
0 0.770953 0.610164 0.043188 0.039203
0 0.639336 0.530922 0.049422 0.046594
0 0.530430 0.911844 0.041297 0.039031
0 0.163297 0.196602 0.054375 0.047578
0 0.439492 0.429344 0.049203 0.051000
0 0.150289 0.284820 0.060047 0.047922
0 0.724938 0.924250 0.043063 0.040469
0 0.980523 0.535852 0.037797 0.042578
0 0.835414 0.184344 0.042797 0.038781
0 0.952539 0.786297 0.040172 0.037125
0 0.358102 0.900711 0.042734 0.043391
0 0.167922 0.733289 0.052969 0.049328
0 0.820312 0.686187 0.049719 0.039094
0 0.703406 0.033320 0.057406 0.047203
0 0.411430 0.618570 0.044922 0.048391
0 0.147047 0.898117 0.049812 0.044391
0 0.477922 0.155148 0.043437 0.039641
0 0.353234 0.629094 0.047938 0.045531
0 0.785508 0.909289 0.043172 0.036234
0 0.805414 0.359805 0.040297 0.035391
0 0.554883 0.747992 0.037359 0.034828
0 0.785594 0.486172 0.038781 0.035625
0 0.443187 0.023156 0.039094 0.038344
0 0.170141 0.686453 0.042281 0.041375
0 0.973281 0.586805 0.038969 0.037984
0 0.131586 0.494937 0.048984 0.040000
0 0.760984 0.698195 0.038531 0.032516
0 0.820047 0.273234 0.046906 0.038469
0 0.465133 0.249570 0.036922 0.037828
0 0.413703 0.261984 0.050562 0.044563
0 0.427594 0.524859 0.039812 0.036781
0 0.754078 0.741727 0.040875 0.042578
0 0.691688 0.121914 0.036719 0.036953
0 0.650375 0.447828 0.043688 0.034875
0 0.891844 0.217836 0.050781 0.043359
0 0.625523 0.219688 0.041172 0.038031
0 0.385305 0.709359 0.043203 0.047250
0 0.917578 0.028953 0.041406 0.038531
0 0.657383 0.409906 0.048516 0.039719
0 0.696477 0.075719 0.055109 0.042562
0 0.737680 0.836359 0.034297 0.034313
0 0.744719 0.790312 0.047594 0.044062
0 0.815906 0.318828 0.046062 0.039156
0 0.577266 0.943148 0.042250 0.038484
0 0.794977 0.447109 0.044109 0.036375
0 0.801852 0.819078 0.038234 0.035937
0 0.307062 0.864469 0.051812 0.049500
0 0.545320 0.833133 0.045984 0.038141
0 0.594453 0.498703 0.036375 0.034969
0 0.368102 0.852570 0.049453 0.042016
0 0.842750 0.137109 0.044469 0.042719
0 0.884031 0.263945 0.042875 0.042734
0 0.294531 0.962852 0.037281 0.035422
0 0.249641 0.026883 0.034250 0.030734
0 0.617711 0.298422 0.037766 0.035531
0 0.944398 0.886961 0.043422 0.038359
0 0.682398 0.200516 0.033984 0.033937
0 0.320758 0.772086 0.033328 0.030297
0 0.983820 0.481938 0.032078 0.042250
0 0.610070 0.338016 0.043109 0.038906
0 0.968523 0.637953 0.035422 0.035000
0 0.839656 0.521617 0.051531 0.041141
0 0.425125 0.121266 0.035719 0.034437
0 0.212266 0.313352 0.043906 0.038859
0 0.301133 0.914492 0.050047 0.044766
0 0.783031 0.528297 0.038344 0.037094
0 0.815258 0.727383 0.053578 0.044891
0 0.489656 0.059766 0.040844 0.037281
0 0.763469 0.654789 0.040344 0.039109
0 0.649281 0.485258 0.035156 0.030203
0 0.934633 0.979508 0.044672 0.039797
0 0.850648 0.438227 0.046141 0.040266
0 0.791016 0.864398 0.047719 0.041891
0 0.195984 0.439195 0.038188 0.032172
0 0.625063 0.651336 0.044719 0.042703
0 0.400289 0.307602 0.044391 0.038516
0 0.182172 0.117156 0.054875 0.047000
0 0.856812 0.039336 0.044469 0.040766
0 0.028594 0.202094 0.039469 0.037813
0 0.174742 0.644187 0.037234 0.032063
0 0.914742 0.077852 0.039266 0.033484
0 0.961930 0.688453 0.040141 0.039219
0 0.133281 0.450305 0.042875 0.037234
0 0.221141 0.188414 0.043531 0.038203
0 0.608586 0.778719 0.037328 0.032094
0 0.798422 0.402953 0.039187 0.032000
0 0.364352 0.582828 0.035297 0.035688
0 0.473172 0.202563 0.043906 0.039469
0 0.176141 0.605969 0.038656 0.032719
0 0.955328 0.739422 0.043219 0.036531
0 0.668078 0.327367 0.039500 0.034703
0 0.240445 0.104469 0.040828 0.038906
0 0.372484 0.810367 0.030188 0.029609
0 0.129422 0.539297 0.047906 0.041562
0 0.111023 0.700281 0.053422 0.048750
0 0.184406 0.525664 0.041250 0.036984
0 0.101602 0.788266 0.053828 0.051625
0 0.774156 0.984039 0.043406 0.031266
0 0.157883 0.817797 0.057109 0.043313
0 0.940336 0.934133 0.035703 0.030484
0 0.824930 0.640742 0.048422 0.040422
0 0.986930 0.434234 0.026141 0.036437
0 0.846078 0.479672 0.044187 0.036937
0 0.823000 0.224836 0.048687 0.036297
0 0.140070 0.407391 0.050734 0.041969
0 0.781414 0.947977 0.039578 0.030391
0 0.562461 0.705539 0.036547 0.032047
0 0.207070 0.355836 0.033859 0.030234
0 0.446789 0.381594 0.038547 0.035875
0 0.414797 0.213617 0.043063 0.039453
0 0.573719 0.625555 0.036750 0.031859
0 0.673789 0.240914 0.037953 0.033609
0 0.182531 0.567484 0.035906 0.035031
0 0.596875 0.818070 0.028781 0.028547
0 0.344328 0.674594 0.033281 0.029937
0 0.735320 0.877969 0.031578 0.029906
0 0.149570 0.858195 0.040766 0.036391
0 0.872727 0.306438 0.044766 0.038344
0 0.860641 0.388242 0.041375 0.038891
0 0.161445 0.778344 0.047703 0.043625
0 0.149156 0.365602 0.045687 0.041359
0 0.382680 0.442711 0.037922 0.032578
0 0.376031 0.486695 0.042406 0.036797
0 0.661266 0.369437 0.045563 0.036156
0 0.080703 0.981391 0.052125 0.035562
0 0.835430 0.556211 0.039047 0.031047
0 0.985898 0.957109 0.028109 0.042062
0 0.573937 0.983820 0.052906 0.031422
0 0.231961 0.146914 0.030453 0.032672
0 0.548508 0.788359 0.031172 0.031250
0 0.027930 0.286094 0.028766 0.030969
0 0.564469 0.666555 0.039125 0.034297
0 0.122086 0.577797 0.046516 0.039031
0 0.590234 0.857125 0.037031 0.032438
0 0.365469 0.537070 0.038750 0.034859
0 0.021648 0.328133 0.042547 0.038266
0 0.602828 0.423734 0.036750 0.033000
0 0.600641 0.460086 0.032656 0.030359
0 0.398750 0.345445 0.031094 0.028391
0 0.035117 0.115477 0.029547 0.030047
0 0.619797 0.693672 0.052281 0.041781
0 0.152562 0.240305 0.040063 0.032766
0 0.534437 0.870875 0.034406 0.030531
0 0.432555 0.477953 0.026734 0.028219
0 0.114883 0.659062 0.033609 0.029906
0 0.227305 0.231492 0.052672 0.037234
0 0.583102 0.540852 0.025578 0.026109
0 0.031719 0.157602 0.024000 0.025109
0 0.028687 0.246219 0.028594 0.028469
0 0.419086 0.166555 0.034297 0.034141
0 0.726344 0.968320 0.033281 0.031047
0 0.095250 0.830766 0.039906 0.035250
0 0.642313 0.043992 0.034625 0.038328
0 0.014094 0.373922 0.028187 0.042125
0 0.896805 0.178617 0.042984 0.031078
0 0.248617 0.064297 0.023172 0.023562
0 0.495984 0.013477 0.029937 0.026547
0 0.014523 0.456563 0.029047 0.041719
0 0.484383 0.111258 0.040641 0.033922
0 0.607711 0.385172 0.025859 0.026156
0 0.774758 0.568742 0.044047 0.035016
0 0.396547 0.390578 0.034375 0.033937
0 0.154148 0.327945 0.026828 0.027516
0 0.195367 0.034719 0.051266 0.039312
0 0.348352 0.988812 0.040547 0.021312
0 0.575125 0.286992 0.034594 0.034109
0 0.008461 0.056281 0.016922 0.054219
0 0.093930 0.868125 0.053078 0.037438
0 0.184938 0.072320 0.044594 0.039266
0 0.679648 0.163219 0.026422 0.021375
0 0.108609 0.744391 0.046219 0.041125
0 0.006234 0.419484 0.012469 0.024656
0 0.085445 0.902008 0.054578 0.041734
0 0.081430 0.940523 0.056172 0.038516
0 0.171328 0.154789 0.065813 0.036922
