0 0.369562 0.716602 0.057844 0.056578
0 0.396805 0.566398 0.063234 0.055609
0 0.350266 0.487930 0.069938 0.061203
0 0.449813 0.172844 0.036219 0.039125
0 0.357016 0.862656 0.045844 0.044937
0 0.573328 0.547078 0.041781 0.040062
0 0.390195 0.193805 0.046328 0.038953
0 0.385977 0.615703 0.050359 0.049219
0 0.758398 0.771805 0.037234 0.033547
0 0.396773 0.146586 0.037922 0.035266
0 0.304961 0.888516 0.047953 0.044781
0 0.352555 0.960148 0.048922 0.046422
0 0.761867 0.722477 0.036609 0.035734
0 0.407125 0.417578 0.042594 0.044031
0 0.403125 0.096680 0.037656 0.035141
0 0.948953 0.610430 0.033594 0.032453
0 0.319523 0.689547 0.048266 0.047312
0 0.404500 0.512242 0.041625 0.039984
0 0.464094 0.074750 0.037531 0.036969
0 0.379391 0.289813 0.042969 0.039594
0 0.843141 0.480445 0.038625 0.035047
0 0.304578 0.792430 0.045375 0.040703
0 0.842719 0.524602 0.037281 0.034328
0 0.372359 0.339523 0.048844 0.046766
0 0.970062 0.421969 0.032938 0.036000
0 0.620547 0.572688 0.036188 0.034219
0 0.822219 0.743164 0.039156 0.038516
0 0.455273 0.123664 0.034328 0.034016
0 0.788555 0.544953 0.033547 0.035062
0 0.578102 0.450164 0.036547 0.035016
0 0.823461 0.699164 0.036234 0.031547
0 0.763695 0.674359 0.037391 0.033500
0 0.873727 0.051219 0.031609 0.030750
0 0.545664 0.863336 0.033578 0.029641
0 0.613586 0.062703 0.037078 0.033844
0 0.554258 0.771695 0.035234 0.032172
0 0.470086 0.027531 0.033172 0.030406
0 0.443937 0.223719 0.035375 0.033375
0 0.610641 0.111500 0.033781 0.033906
0 0.800133 0.328703 0.035922 0.032219
0 0.592070 0.300250 0.038047 0.034250
0 0.628148 0.524594 0.034609 0.032219
0 0.797602 0.415805 0.037766 0.036172
0 0.422586 0.362867 0.042609 0.041797
0 0.845836 0.436344 0.035109 0.032594
0 0.300594 0.941508 0.047375 0.042328
0 0.351812 0.911664 0.035469 0.033078
0 0.566969 0.635984 0.035031 0.034312
0 0.545531 0.904242 0.035156 0.033766
0 0.985773 0.283109 0.028453 0.037000
0 0.359078 0.812859 0.034781 0.033625
0 0.303172 0.837781 0.037906 0.033594
0 0.604797 0.839109 0.037125 0.035281
0 0.354789 0.437156 0.041672 0.035531
0 0.385914 0.241125 0.044703 0.040625
0 0.924578 0.948320 0.033812 0.030578
0 0.363750 0.392906 0.038375 0.038313
0 0.662828 0.099414 0.030313 0.028547
0 0.380547 0.664305 0.036344 0.031891
0 0.600398 0.202250 0.034016 0.031625
0 0.758484 0.862609 0.031969 0.031969
0 0.758461 0.910594 0.032984 0.031656
0 0.331617 0.637469 0.034703 0.033875
0 0.575531 0.499266 0.038313 0.034875
0 0.757742 0.816586 0.036766 0.032516
0 0.657828 0.184695 0.032219 0.030078
0 0.563875 0.684430 0.035031 0.031266
0 0.825297 0.658633 0.032844 0.029703
0 0.649781 0.228852 0.037031 0.037578
0 0.857148 0.215617 0.033516 0.029891
0 0.855383 0.303984 0.034453 0.031594
0 0.411422 0.046781 0.035469 0.032031
0 0.609914 0.658680 0.029328 0.030422
0 0.837688 0.566898 0.032906 0.028359
0 0.812945 0.153164 0.035766 0.035266
0 0.362148 0.765945 0.034516 0.031859
0 0.862555 0.176187 0.029641 0.026812
0 0.590211 0.349758 0.029109 0.031328
0 0.671555 0.048039 0.029266 0.031422
0 0.792547 0.459305 0.032375 0.029953
0 0.558398 0.726750 0.033516 0.029844
0 0.948594 0.651367 0.030906 0.028828
0 0.608109 0.702711 0.032594 0.030859
0 0.790539 0.499672 0.033797 0.032969
0 0.602523 0.886984 0.028984 0.028469
0 0.924148 0.905742 0.038516 0.036297
0 0.609109 0.748586 0.028531 0.029672
0 0.871609 0.091586 0.029031 0.027984
0 0.633539 0.427797 0.030359 0.029781
0 0.802562 0.278320 0.029281 0.029641
0 0.340875 0.538906 0.041344 0.033844
0 0.951000 0.564805 0.033406 0.029422
0 0.853930 0.353531 0.034234 0.029687
0 0.813797 0.108688 0.032250 0.030719
0 0.573586 0.591484 0.036359 0.028125
0 0.642305 0.330961 0.030891 0.031797
0 0.868609 0.134227 0.030875 0.030141
0 0.815031 0.840422 0.028813 0.029500
0 0.974617 0.375578 0.031703 0.031094
0 0.583234 0.400133 0.030344 0.030172
0 0.415719 0.012773 0.048750 0.025359
0 0.403047 0.462797 0.035125 0.033750
0 0.806383 0.236258 0.031859 0.030609
0 0.438266 0.266555 0.032281 0.030578
0 0.974438 0.925742 0.027906 0.029672
0 0.338477 0.589367 0.036703 0.034609
0 0.829203 0.612297 0.028344 0.030187
0 0.628789 0.476508 0.032484 0.029297
0 0.554398 0.817398 0.028703 0.028609
0 0.815195 0.068086 0.030953 0.030078
0 0.638406 0.377328 0.027469 0.028469
0 0.923688 0.986883 0.032594 0.026016
0 0.595617 0.251148 0.029328 0.029703
0 0.975570 0.970680 0.031266 0.030797
0 0.808000 0.194633 0.026281 0.024547
0 0.851961 0.392773 0.030891 0.027422
0 0.811453 0.881039 0.029562 0.025797
0 0.938875 0.736969 0.028937 0.030437
0 0.801734 0.370391 0.030344 0.027563
0 0.586898 0.977430 0.029609 0.029703
0 0.430328 0.317609 0.035344 0.031688
0 0.854125 0.260125 0.032437 0.030750
0 0.603477 0.792367 0.030953 0.032078
0 0.943117 0.691234 0.026359 0.027937
0 0.606109 0.156188 0.029313 0.029500
0 0.985898 0.761492 0.028203 0.031734
0 0.661891 0.139562 0.027344 0.027625
0 0.927914 0.863773 0.028422 0.028641
0 0.929836 0.822766 0.026422 0.029594
0 0.963875 0.472969 0.029281 0.030844
0 0.645781 0.277250 0.029594 0.029438
0 0.779734 0.586344 0.030594 0.031281
0 0.815305 0.792484 0.030297 0.030563
0 0.591711 0.928805 0.031797 0.031016
0 0.620164 0.615047 0.026328 0.027656
0 0.543719 0.953750 0.025125 0.027219
0 0.771922 0.633953 0.028219 0.027562
0 0.976500 0.883547 0.027063 0.027094
0 0.824367 0.026836 0.029922 0.026391
0 0.807820 0.930609 0.027266 0.025656
0 0.755531 0.955977 0.029188 0.028828
0 0.804391 0.977781 0.028188 0.031250
0 0.954805 0.518391 0.026703 0.028750
0 0.981297 0.802094 0.027000 0.028469
0 0.983266 0.328984 0.029469 0.029344
0 0.979664 0.842555 0.027984 0.027203
0 0.308414 0.742070 0.041703 0.038734
0 0.933266 0.779156 0.024594 0.025719
0 0.622234 0.018320 0.026469 0.025484
0 0.885063 0.012336 0.030437 0.024234
0 0.541375 0.991133 0.030625 0.016922
0 0.989648 0.235094 0.020703 0.036687
0 0.753078 0.991680 0.031156 0.015547
0 0.299531 0.986336 0.031156 0.026391
