0 0.780094 0.147875 0.071219 0.079937
0 0.602945 0.125219 0.073016 0.083031
0 0.779305 0.296727 0.073828 0.079453
0 0.687320 0.217453 0.062422 0.071813
0 0.712477 0.050391 0.067109 0.069844
0 0.874789 0.384773 0.060766 0.062984
0 0.878555 0.573109 0.062047 0.068500
0 0.868445 0.232594 0.078172 0.086063
0 0.904695 0.038617 0.068109 0.065641
0 0.608602 0.284867 0.066078 0.075203
0 0.955305 0.324570 0.086547 0.091109
0 0.536625 0.189383 0.066844 0.075359
0 0.702516 0.367531 0.073031 0.086906
0 0.792422 0.453344 0.082531 0.088719
0 0.968672 0.491828 0.062656 0.085500
0 0.525531 0.047766 0.100562 0.095531
0 0.977281 0.129398 0.044719 0.076172
0 0.963055 0.659281 0.073891 0.098719
