0 0.453336 0.899609 0.055016 0.044281
0 0.046094 0.124727 0.056344 0.059047
0 0.172227 0.037508 0.059047 0.067078
0 0.313781 0.048914 0.057687 0.076484
0 0.043406 0.246828 0.064406 0.059031
0 0.316469 0.189797 0.063062 0.063062
0 0.186313 0.277016 0.071125 0.068438
0 0.297016 0.292445 0.061719 0.053672
0 0.029320 0.372289 0.055016 0.055016
0 0.186312 0.401805 0.057687 0.063078
0 0.299695 0.417906 0.061734 0.071125
0 0.023047 0.508477 0.046094 0.067078
0 0.168203 0.529273 0.064406 0.079172
0 0.307078 0.533977 0.065750 0.072453
0 0.025297 0.639977 0.033531 0.056359
0 0.174234 0.650711 0.046969 0.048297
0 0.313781 0.649359 0.041594 0.064406
0 0.025297 0.757375 0.046969 0.063062
0 0.174906 0.764094 0.080500 0.063063
0 0.316461 0.762078 0.052328 0.051000
0 0.446617 0.762078 0.071109 0.059031
0 0.023047 0.875461 0.046094 0.068422
0 0.174906 0.892227 0.048313 0.056359
0 0.306398 0.890891 0.050984 0.061719
