0 0.452070 0.904563 0.034984 0.043531
0 0.117313 0.775484 0.039531 0.037844
0 0.932937 0.022992 0.061531 0.045984
0 0.981133 0.079383 0.037078 0.064391
0 0.139703 0.820734 0.037625 0.037063
0 0.964047 0.041367 0.051531 0.054328
0 0.164055 0.780188 0.009328 0.018656
0 0.191656 0.809727 0.024094 0.021766
0 0.217305 0.842297 0.028766 0.026437
0 0.265508 0.872648 0.022547 0.018578
0 0.206430 0.889406 0.053641 0.036531
0 0.169500 0.854820 0.031094 0.027984
0 0.021031 0.850148 0.031094 0.027984
0 0.063391 0.883961 0.031875 0.020984
0 0.040852 0.936461 0.020984 0.029578
0 0.090211 0.916578 0.027984 0.027281
0 0.129859 0.948445 0.031094 0.027141
0 0.238687 0.926719 0.031094 0.031875
0 0.291156 0.908063 0.025656 0.044313
0 0.327695 0.938766 0.019422 0.026437
0 0.270945 0.952758 0.036547 0.034203
0 0.300875 0.981484 0.038875 0.029469
0 0.387945 0.831492 0.027984 0.029547
0 0.420195 0.871914 0.033422 0.021766
0 0.483938 0.934492 0.031875 0.028766
0 0.522805 0.959750 0.027203 0.024875
0 0.442359 0.823289 0.018656 0.025578
0 0.472281 0.849375 0.024094 0.020219
0 0.504547 0.873039 0.037312 0.038016
0 0.544187 0.907633 0.026438 0.032578
0 0.572562 0.932547 0.030312 0.023312
0 0.645633 0.984633 0.034984 0.027984
0 0.611672 0.968656 0.027219 0.033375
0 0.556102 0.989914 0.028828 0.020172
