0 0.757133 0.079391 0.057859 0.062438
0 0.885914 0.208648 0.061391 0.054641
0 0.888680 0.077961 0.052391 0.056953
0 0.766523 0.209258 0.058016 0.065422
0 0.450891 0.222977 0.041531 0.041203
0 0.759758 0.459844 0.049078 0.058094
0 0.767352 0.330172 0.053703 0.057969
0 0.055664 0.383133 0.053797 0.045734
0 0.435844 0.611602 0.037187 0.036266
0 0.422164 0.763969 0.043047 0.039094
0 0.035727 0.656078 0.043234 0.037812
0 0.438008 0.561305 0.033953 0.034422
0 0.514547 0.049148 0.031937 0.032766
0 0.430500 0.661672 0.033781 0.034000
0 0.023305 0.974984 0.033391 0.035969
0 0.520008 0.252937 0.031828 0.030000
0 0.088773 0.723141 0.034109 0.031937
0 0.094445 0.592703 0.035328 0.034594
0 0.037961 0.610664 0.034734 0.031578
0 0.095539 0.544406 0.035109 0.035313
0 0.053492 0.114602 0.040547 0.034922
0 0.052555 0.160016 0.038234 0.033906
0 0.301211 0.160570 0.032109 0.030672
0 0.050445 0.476148 0.034234 0.033766
0 0.298281 0.349773 0.030219 0.030047
0 0.491867 0.446102 0.031703 0.031391
0 0.511094 0.298430 0.033375 0.032484
0 0.109422 0.184008 0.033062 0.031359
0 0.235883 0.410773 0.031266 0.031641
0 0.483086 0.691359 0.035234 0.033906
0 0.055773 0.204625 0.038516 0.034969
0 0.110914 0.231359 0.032547 0.033937
0 0.275617 0.827367 0.033484 0.031047
0 0.062922 0.024945 0.032500 0.032734
0 0.298813 0.436945 0.030875 0.030484
0 0.426633 0.716992 0.032953 0.030297
0 0.296703 0.533531 0.030875 0.030281
0 0.026305 0.787180 0.033891 0.035484
0 0.453758 0.171000 0.029234 0.029969
0 0.239406 0.459102 0.031531 0.031797
0 0.247539 0.274406 0.030391 0.032750
0 0.305742 0.115156 0.030859 0.029438
0 0.226633 0.746016 0.034266 0.031750
0 0.441883 0.462734 0.029734 0.031531
0 0.415023 0.871797 0.030422 0.031125
0 0.297453 0.487273 0.029344 0.029422
0 0.457000 0.323453 0.032562 0.032656
0 0.473766 0.796977 0.030938 0.029859
0 0.262352 0.964242 0.031328 0.030641
0 0.053133 0.252453 0.034172 0.033156
0 0.077008 0.952141 0.033953 0.033438
0 0.051078 0.298773 0.033906 0.032234
0 0.026328 0.878508 0.034469 0.034266
0 0.438023 0.513227 0.032984 0.029484
0 0.486195 0.490563 0.025797 0.028750
0 0.449195 0.419445 0.030953 0.031266
0 0.033109 0.697641 0.031437 0.030156
0 0.511414 0.145898 0.027922 0.029047
0 0.460234 0.066703 0.029687 0.028938
0 0.306867 0.070969 0.030984 0.030969
0 0.471430 0.848344 0.027453 0.029813
0 0.456984 0.371969 0.029531 0.029750
0 0.489109 0.591250 0.031094 0.030000
0 0.297016 0.390680 0.028062 0.028516
0 0.102625 0.457758 0.030500 0.029203
0 0.213016 0.941055 0.031281 0.028266
0 0.080797 0.811023 0.033625 0.031703
0 0.412008 0.971219 0.031328 0.033750
0 0.478375 0.748742 0.030969 0.030172
0 0.268945 0.918750 0.024078 0.024375
0 0.297102 0.256023 0.028828 0.026391
0 0.023930 0.836492 0.030672 0.030172
0 0.245328 0.040078 0.028344 0.028094
0 0.278430 0.777383 0.031922 0.029453
0 0.241484 0.134133 0.027156 0.029047
0 0.488445 0.640375 0.031109 0.029781
0 0.455570 0.275812 0.028859 0.030625
0 0.223031 0.797867 0.029062 0.029453
0 0.095148 0.635117 0.033359 0.030422
0 0.117438 0.051828 0.029062 0.029594
0 0.121938 0.012219 0.037062 0.024250
0 0.244531 0.227508 0.029750 0.029859
0 0.056609 0.070922 0.034437 0.029594
0 0.503156 0.349336 0.026687 0.028453
0 0.090727 0.679203 0.031109 0.030656
0 0.515062 0.100414 0.028250 0.026047
0 0.517922 0.204141 0.024813 0.025781
0 0.491008 0.540047 0.027422 0.027656
0 0.294070 0.633586 0.026516 0.027578
0 0.242461 0.318391 0.029953 0.031062
0 0.295805 0.306648 0.025984 0.025328
0 0.458180 0.119711 0.026234 0.027672
0 0.417477 0.821891 0.029172 0.030031
0 0.046797 0.519766 0.028031 0.027781
0 0.023578 0.927859 0.029969 0.029031
0 0.116711 0.141969 0.027797 0.027312
0 0.294586 0.581477 0.029328 0.026203
0 0.111937 0.276773 0.030969 0.028641
0 0.493078 0.395188 0.024906 0.027625
0 0.285562 0.729937 0.027563 0.025844
0 0.214750 0.891820 0.029000 0.028922
0 0.881516 0.327977 0.056906 0.063016
0 0.270281 0.878039 0.027438 0.027703
0 0.457859 0.014398 0.031750 0.028047
0 0.082289 0.856125 0.030672 0.031562
0 0.217844 0.848961 0.027625 0.028047
0 0.244617 0.088758 0.026797 0.026609
0 0.292000 0.677164 0.028437 0.027359
0 0.412570 0.920555 0.027922 0.028047
0 0.113625 0.094562 0.031688 0.028656
0 0.085648 0.766937 0.030734 0.025969
0 0.228937 0.699133 0.028531 0.028516
0 0.053883 0.433688 0.033328 0.028594
0 0.242188 0.182445 0.028250 0.026391
0 0.239273 0.505359 0.030797 0.028562
0 0.043117 0.565859 0.029578 0.028563
0 0.232367 0.601961 0.026297 0.029516
0 0.300078 0.212070 0.029313 0.029016
0 0.108500 0.319609 0.032156 0.033000
0 0.103242 0.413523 0.032891 0.028953
0 0.237742 0.368117 0.026141 0.023578
0 0.096859 0.499289 0.030844 0.030266
0 0.108406 0.368047 0.030781 0.027344
0 0.030375 0.741609 0.030875 0.029969
0 0.234078 0.552813 0.027406 0.026906
0 0.208734 0.984602 0.026531 0.027109
0 0.079586 0.905570 0.030484 0.028141
0 0.309734 0.016641 0.028594 0.027250
0 0.052555 0.339508 0.030703 0.027391
