0 0.962250 0.290781 0.032375 0.037156
0 0.906492 0.275195 0.023984 0.025172
0 0.863320 0.261406 0.031172 0.028781
0 0.758406 0.420281 0.025188 0.029969
0 0.801570 0.441859 0.027578 0.025188
0 0.844141 0.457453 0.023969 0.022781
0 0.884313 0.473031 0.022781 0.022781
0 0.941266 0.495812 0.028781 0.032375
0 0.989219 0.512602 0.021562 0.020391
0 0.994016 0.579750 0.011969 0.034781
0 0.952055 0.555172 0.026391 0.031188
0 0.892703 0.544977 0.025188 0.037172
0 0.829156 0.241023 0.032375 0.031172
0 0.848937 0.525195 0.035969 0.031172
0 0.796781 0.504813 0.029969 0.028781
0 0.756609 0.489219 0.038375 0.035969
0 0.970641 0.360328 0.025188 0.022781
0 0.919680 0.338141 0.035984 0.028781
0 0.866328 0.323758 0.032375 0.033578
0 0.823148 0.302773 0.027578 0.027578
0 0.211664 0.317523 0.063922 0.068484
0 0.700437 0.090625 0.031531 0.029750
0 0.669383 0.054531 0.032078 0.034281
0 0.365547 0.151359 0.038656 0.043719
0 0.611500 0.067180 0.036062 0.033297
0 0.667961 0.150078 0.032484 0.035031
0 0.582148 0.022195 0.039578 0.029984
0 0.416062 0.282508 0.033125 0.036578
0 0.898898 0.111750 0.045922 0.049688
0 0.450258 0.315367 0.034766 0.023984
0 0.482031 0.345937 0.033563 0.032375
0 0.527594 0.378312 0.038375 0.020375
0 0.550375 0.321352 0.028781 0.031172
0 0.446656 0.220633 0.020375 0.033578
0 0.395102 0.188266 0.029984 0.021594
0 0.310570 0.178672 0.023984 0.023969
0 0.347141 0.220641 0.032375 0.028781
0 0.377711 0.253617 0.028766 0.017984
0 0.181664 0.269203 0.037172 0.029969
0 0.157086 0.220031 0.033578 0.022781
0 0.118117 0.178672 0.037172 0.031187
0 0.083945 0.235031 0.031172 0.038375
0 0.061164 0.184070 0.023984 0.020391
0 0.026398 0.142102 0.021578 0.029984
0 0.098945 0.136094 0.034766 0.022813
0 0.061766 0.093539 0.018000 0.031172
0 0.006609 0.097734 0.013187 0.022781
0 0.742820 0.256008 0.039578 0.029984
0 0.035984 0.055172 0.026375 0.026375
0 0.013805 0.015602 0.020391 0.019172
0 0.288984 0.146297 0.031188 0.026375
0 0.253609 0.116320 0.029969 0.040766
0 0.223031 0.081555 0.028781 0.021578
0 0.190664 0.046180 0.028766 0.017984
0 0.163688 0.014406 0.032375 0.028781
0 0.246414 0.029992 0.037172 0.028766
0 0.275188 0.059367 0.032375 0.029984
0 0.302766 0.096539 0.022781 0.027578
0 0.337547 0.123516 0.029969 0.026375
0 0.660688 0.375914 0.035969 0.029984
0 0.785383 0.281188 0.043172 0.039562
0 0.705648 0.396898 0.037172 0.021578
