0 0.014352 0.015453 0.028703 0.030906
0 0.008141 0.353047 0.016281 0.040594
0 0.011187 0.401102 0.022375 0.037797
0 0.803484 0.246984 0.044156 0.043250
0 0.817523 0.408547 0.043609 0.043531
0 0.794227 0.147828 0.045422 0.041406
0 0.667477 0.759859 0.049141 0.044219
0 0.671211 0.872266 0.042266 0.039375
0 0.044852 0.971344 0.047266 0.052937
0 0.446828 0.839500 0.053125 0.054844
0 0.691195 0.470672 0.039516 0.036594
0 0.376375 0.099648 0.046437 0.045484
0 0.867633 0.370852 0.038922 0.037984
0 0.464031 0.499469 0.043406 0.039781
0 0.049094 0.374305 0.047156 0.040484
0 0.843859 0.663039 0.039844 0.039891
0 0.690617 0.424203 0.039078 0.037000
0 0.603352 0.156438 0.039703 0.038250
0 0.432937 0.683133 0.041563 0.037547
0 0.669141 0.222195 0.034313 0.034797
0 0.813141 0.350289 0.037594 0.037047
0 0.218805 0.529617 0.040828 0.042266
0 0.409180 0.373125 0.044453 0.042281
0 0.462805 0.449008 0.037766 0.034422
0 0.437945 0.732047 0.044516 0.041938
0 0.421531 0.634750 0.035813 0.034844
0 0.291172 0.860430 0.038031 0.036453
0 0.419484 0.584586 0.037250 0.036234
0 0.400781 0.261430 0.038312 0.036203
0 0.677781 0.925734 0.041500 0.039250
0 0.220211 0.097617 0.036266 0.033734
0 0.687063 0.371219 0.040719 0.038875
0 0.033203 0.771703 0.041250 0.036906
0 0.505250 0.857562 0.038469 0.038906
0 0.852203 0.720586 0.037375 0.036234
0 0.607984 0.252789 0.044062 0.041703
0 0.086555 0.849711 0.037328 0.035297
0 0.455562 0.894953 0.039750 0.037688
0 0.075523 0.660102 0.038297 0.032797
0 0.843672 0.061422 0.035719 0.034219
0 0.274313 0.559375 0.035000 0.035094
0 0.645273 0.601187 0.037359 0.035844
0 0.234305 0.188937 0.042203 0.039937
0 0.666312 0.815344 0.042062 0.038344
0 0.502781 0.798664 0.037906 0.038828
0 0.447805 0.229250 0.039328 0.041250
0 0.513281 0.912680 0.039687 0.039422
0 0.409883 0.481266 0.040234 0.037656
0 0.639102 0.555023 0.040203 0.040734
0 0.900375 0.685914 0.037594 0.038734
0 0.032500 0.824719 0.037094 0.035313
0 0.939750 0.934820 0.035969 0.035203
0 0.864133 0.810625 0.034672 0.035281
0 0.845391 0.113586 0.036906 0.034734
0 0.249703 0.297367 0.035406 0.032766
0 0.681523 0.321523 0.034047 0.034203
0 0.625500 0.402258 0.034344 0.032578
0 0.458664 0.949430 0.039672 0.038016
0 0.889875 0.634523 0.036156 0.036922
0 0.601141 0.110523 0.033781 0.031359
0 0.255531 0.349914 0.035719 0.034891
0 0.650570 0.075664 0.034609 0.034266
0 0.067367 0.563672 0.042172 0.036219
0 0.787664 0.093891 0.036297 0.036219
0 0.660773 0.703688 0.042797 0.042563
0 0.069031 0.613781 0.040875 0.038687
0 0.023508 0.636250 0.038266 0.038344
0 0.621406 0.352789 0.034125 0.031766
0 0.189312 0.275188 0.033406 0.034656
0 0.291625 0.805023 0.038031 0.037016
0 0.878445 0.531680 0.033922 0.034172
0 0.238734 0.785109 0.036875 0.034469
0 0.498398 0.751664 0.035766 0.030609
0 0.882164 0.970672 0.035484 0.035813
0 0.062703 0.514352 0.045000 0.043172
0 0.038305 0.276578 0.036016 0.034719
0 0.051883 0.421383 0.036266 0.035047
0 0.921875 0.824195 0.035906 0.034672
0 0.042117 0.920969 0.035203 0.033875
0 0.657508 0.651016 0.032484 0.031781
0 0.299938 0.907602 0.036406 0.033859
0 0.786070 0.041078 0.036797 0.032000
0 0.444688 0.177648 0.033250 0.032453
0 0.081523 0.750469 0.035641 0.034125
0 0.018453 0.587484 0.035250 0.037063
0 0.451672 0.278039 0.033500 0.029703
0 0.430398 0.066453 0.035734 0.032062
0 0.077742 0.700867 0.038297 0.035234
0 0.675656 0.271828 0.031937 0.031719
0 0.459406 0.390437 0.038812 0.041656
0 0.849875 0.160656 0.032000 0.031344
0 0.402531 0.309594 0.033281 0.033719
0 0.885281 0.576367 0.034969 0.034516
0 0.612961 0.301883 0.034641 0.030453
0 0.361727 0.015070 0.043422 0.029922
0 0.859328 0.763555 0.035437 0.031828
0 0.722094 0.672648 0.031344 0.035547
0 0.474117 0.597039 0.030734 0.031234
0 0.488406 0.697758 0.030438 0.032234
0 0.458313 0.328000 0.030687 0.029750
0 0.870461 0.861836 0.032922 0.033484
0 0.393758 0.214766 0.035453 0.032250
0 0.240000 0.246219 0.029281 0.030969
0 0.825297 0.458047 0.031438 0.032375
0 0.018461 0.140055 0.035641 0.036266
0 0.445727 0.783586 0.036422 0.031359
0 0.642320 0.027195 0.035078 0.036922
0 0.096039 0.945516 0.031484 0.031094
0 0.418891 0.024320 0.032156 0.031672
0 0.476883 0.647711 0.030141 0.032516
0 0.015219 0.096602 0.029437 0.033484
0 0.413008 0.528641 0.039609 0.034375
0 0.259188 0.401414 0.030031 0.031953
0 0.244305 0.882172 0.031109 0.031937
0 0.020172 0.184156 0.035000 0.034156
0 0.216156 0.477172 0.030375 0.035062
0 0.438008 0.120820 0.031422 0.032141
0 0.603125 0.204531 0.032844 0.032187
0 0.411906 0.427727 0.032969 0.030297
0 0.184844 0.225227 0.029969 0.032078
0 0.857766 0.265352 0.031656 0.030953
0 0.920641 0.775320 0.033500 0.030266
0 0.214711 0.041109 0.032453 0.031781
0 0.875617 0.914977 0.031672 0.030859
0 0.857633 0.215469 0.034203 0.031625
0 0.802031 0.197625 0.031187 0.028656
0 0.224172 0.578914 0.034906 0.031484
0 0.041281 0.224742 0.035750 0.034047
0 0.205008 0.377055 0.030359 0.030828
0 0.634906 0.501734 0.033625 0.030781
0 0.470383 0.546813 0.029922 0.032313
0 0.089602 0.897719 0.032203 0.029562
0 0.726422 0.724289 0.030625 0.031703
0 0.867094 0.317516 0.031937 0.030906
0 0.659000 0.172305 0.028594 0.031141
0 0.177336 0.169648 0.030609 0.031859
0 0.043023 0.326180 0.031734 0.029766
0 0.717727 0.614062 0.026484 0.033313
0 0.391859 0.162156 0.030344 0.032875
0 0.283031 0.703805 0.031312 0.030359
0 0.030906 0.724297 0.031062 0.028937
0 0.202453 0.328953 0.031094 0.032000
0 0.932859 0.878039 0.028750 0.030203
0 0.828750 0.511422 0.030344 0.031594
0 0.628000 0.446664 0.029031 0.029859
0 0.905789 0.735484 0.030453 0.030656
0 0.523680 0.967805 0.036328 0.034359
0 0.264406 0.449523 0.029250 0.029734
0 0.170445 0.121367 0.032172 0.032984
0 0.228586 0.142617 0.029953 0.028234
0 0.746250 0.889297 0.030063 0.035438
0 0.054891 0.468133 0.034938 0.034672
0 0.267367 0.497758 0.028766 0.030891
0 0.734156 0.783742 0.030219 0.031016
0 0.368500 0.055688 0.030125 0.028219
0 0.697781 0.517977 0.030563 0.028891
0 0.656242 0.119430 0.024797 0.026516
0 0.236508 0.678359 0.033609 0.030875
0 0.285516 0.755297 0.026688 0.025563
0 0.249680 0.928383 0.032609 0.032578
0 0.597461 0.064430 0.029672 0.029016
0 0.834750 0.561703 0.028562 0.030750
0 0.018969 0.538523 0.031750 0.034203
0 0.214695 0.431039 0.030328 0.033266
0 0.083102 0.805406 0.030016 0.024812
0 0.742203 0.836781 0.030563 0.032219
0 0.808242 0.296336 0.029172 0.029359
0 0.705891 0.567320 0.024844 0.026203
0 0.278000 0.607352 0.028438 0.030703
0 0.039820 0.877594 0.032578 0.029531
0 0.592727 0.013523 0.032609 0.026703
0 0.229469 0.633094 0.027875 0.029656
0 0.302844 0.959695 0.030250 0.030703
0 0.869195 0.421594 0.029797 0.031031
0 0.028766 0.684141 0.032969 0.030500
0 0.874695 0.478758 0.027047 0.027172
0 0.280344 0.656281 0.028531 0.028688
0 0.233945 0.728891 0.028672 0.029500
0 0.243609 0.834430 0.028125 0.030672
0 0.839773 0.612484 0.026859 0.027625
0 0.015820 0.494258 0.028453 0.031172
0 0.838484 0.012656 0.036656 0.025000
0 0.161539 0.067133 0.031453 0.028547
0 0.941188 0.983031 0.030906 0.032656
0 0.098859 0.988773 0.035062 0.021453
0 0.161891 0.017375 0.034531 0.033750
0 0.468289 0.990930 0.037922 0.017141
0 0.015273 0.059469 0.029328 0.030937
0 0.256508 0.978000 0.027672 0.026938
0 0.689289 0.984266 0.029391 0.030219
0 0.751812 0.948344 0.027000 0.026781
0 0.013117 0.451328 0.025359 0.032281
