0 0.008242 0.417539 0.016484 0.032328
0 0.650766 0.111617 0.042938 0.037516
0 0.643086 0.157195 0.040953 0.038266
0 0.148984 0.610531 0.033094 0.032094
0 0.043055 0.480492 0.038672 0.034891
0 0.042586 0.524625 0.037672 0.034437
0 0.631664 0.251570 0.037609 0.035891
0 0.624031 0.337188 0.038406 0.036219
0 0.538242 0.671641 0.037797 0.034781
0 0.023008 0.743273 0.037578 0.038484
0 0.189719 0.282523 0.035813 0.035391
0 0.567758 0.972125 0.036047 0.035156
0 0.195227 0.235164 0.032984 0.033609
0 0.073727 0.051188 0.031547 0.030844
0 0.045805 0.436367 0.034922 0.032516
0 0.188055 0.761211 0.032484 0.031234
0 0.023867 0.699328 0.035203 0.031562
0 0.170102 0.422094 0.032672 0.035906
0 0.588133 0.741445 0.034391 0.031359
0 0.618328 0.429781 0.036031 0.035437
0 0.263437 0.128359 0.032344 0.028500
0 0.950766 0.761648 0.033687 0.031984
0 0.605750 0.563352 0.034437 0.033266
0 0.124641 0.948227 0.033750 0.030422
0 0.511836 0.946180 0.036047 0.033328
0 0.655836 0.066086 0.037516 0.030922
0 0.662977 0.023250 0.033953 0.031344
0 0.551945 0.493766 0.035328 0.034906
0 0.175625 0.970836 0.031594 0.031203
0 0.213570 0.502094 0.032609 0.031313
0 0.055414 0.303984 0.034422 0.031625
0 0.618133 0.383453 0.033297 0.031562
0 0.563359 0.402031 0.034969 0.032219
0 0.595758 0.651703 0.031609 0.031812
0 0.057148 0.215609 0.033641 0.029906
0 0.148711 0.651398 0.030828 0.028922
0 0.062555 0.176117 0.029703 0.027016
0 0.174422 0.375461 0.031438 0.031484
0 0.598977 0.087422 0.032391 0.033750
0 0.211438 0.587797 0.030000 0.031281
0 0.124180 0.905758 0.038391 0.035953
0 0.528508 0.762289 0.035578 0.033109
0 0.037828 0.566805 0.032281 0.029109
0 0.748398 0.721203 0.033328 0.030875
0 0.071617 0.091586 0.028984 0.027984
0 0.749938 0.627594 0.031688 0.028406
0 0.151094 0.564883 0.032875 0.029453
0 0.585063 0.832516 0.032219 0.031187
0 0.273687 0.034617 0.030844 0.030641
0 0.174875 0.926203 0.028687 0.029844
0 0.810008 0.561766 0.031766 0.029844
0 0.640789 0.203734 0.030922 0.032125
0 0.784016 0.924211 0.030781 0.032578
0 0.025367 0.658547 0.032578 0.030250
0 0.552063 0.540000 0.032344 0.030250
0 0.206500 0.633711 0.029906 0.029859
0 0.759953 0.536750 0.030281 0.031000
0 0.517609 0.902188 0.033469 0.030281
0 0.123758 0.986930 0.032703 0.026078
0 0.203859 0.186750 0.034312 0.030563
0 0.747383 0.671914 0.030328 0.031141
0 0.053969 0.353516 0.033937 0.029594
0 0.068586 0.134203 0.030766 0.030125
0 0.201734 0.673336 0.029156 0.028234
0 0.780648 0.365367 0.029172 0.028828
0 0.603109 0.604555 0.029594 0.027078
0 0.215102 0.099828 0.031922 0.032031
0 0.237883 0.307523 0.029203 0.028047
0 0.139008 0.736984 0.029047 0.030406
0 0.768875 0.452023 0.029844 0.030891
0 0.209367 0.142211 0.033422 0.027766
0 0.212844 0.545297 0.030250 0.027562
0 0.799594 0.233992 0.030063 0.031016
0 0.182180 0.802359 0.028984 0.028688
0 0.127930 0.864422 0.029297 0.027688
0 0.591641 0.697383 0.029781 0.030703
0 0.799219 0.697117 0.028125 0.027703
0 0.590602 0.129508 0.029234 0.030172
0 0.052086 0.392891 0.030672 0.027531
0 0.578336 0.928242 0.027609 0.028234
0 0.582883 0.780656 0.029078 0.027781
0 0.824289 0.060078 0.029984 0.030688
0 0.129836 0.822359 0.025922 0.030031
0 0.803453 0.652336 0.029906 0.031984
0 0.870156 0.134508 0.031500 0.030609
0 0.824156 0.432437 0.028125 0.027438
0 0.143211 0.691320 0.026453 0.027953
0 0.861797 0.177414 0.030531 0.029391
0 0.216883 0.450938 0.028672 0.030219
0 0.794422 0.277922 0.027000 0.027906
0 0.969859 0.582953 0.030500 0.031281
0 0.180195 0.842953 0.029234 0.027719
0 0.163836 0.472969 0.028953 0.030875
0 0.054125 0.260133 0.032281 0.030766
0 0.177219 0.883531 0.026094 0.027125
0 0.804578 0.189859 0.033969 0.031344
0 0.230555 0.360383 0.029641 0.031297
0 0.016391 0.840523 0.026312 0.029422
0 0.847945 0.260328 0.025891 0.026719
0 0.949367 0.803555 0.028891 0.028453
0 0.754266 0.584398 0.028625 0.029797
0 0.029359 0.612344 0.028219 0.030344
0 0.627148 0.292836 0.029922 0.025141
0 0.221523 0.407805 0.027203 0.027922
0 0.816812 0.477281 0.028688 0.031406
0 0.778305 0.404203 0.028172 0.026562
0 0.794852 0.789711 0.029109 0.028859
0 0.733984 0.896500 0.026344 0.027781
0 0.807656 0.609055 0.029469 0.028859
0 0.879969 0.087820 0.031875 0.034234
0 0.793750 0.835469 0.026187 0.028656
0 0.183352 0.328977 0.029859 0.029078
0 0.725719 0.985938 0.033500 0.027781
0 0.259344 0.166781 0.025562 0.027938
0 0.832289 0.385219 0.025828 0.029688
0 0.790906 0.878727 0.027312 0.027703
0 0.254555 0.215750 0.026922 0.028531
0 0.976000 0.537312 0.030719 0.029375
0 0.734812 0.946211 0.028312 0.029516
0 0.606461 0.518055 0.032078 0.028609
0 0.527383 0.808695 0.032047 0.030859
0 0.520336 0.856398 0.030484 0.027766
0 0.733430 0.854656 0.028172 0.028031
0 0.795625 0.744195 0.026406 0.025641
0 0.815867 0.147352 0.026828 0.028641
0 0.219516 0.054445 0.029844 0.028922
0 0.015945 0.152883 0.030797 0.034953
0 0.548188 0.582516 0.027281 0.027625
0 0.247180 0.261977 0.024203 0.027797
0 0.016617 0.792445 0.027641 0.029922
0 0.855109 0.219445 0.028719 0.027672
0 0.934633 0.937492 0.025516 0.027172
0 0.133305 0.779234 0.024797 0.025656
0 0.015992 0.107859 0.027297 0.028906
0 0.617016 0.476836 0.027156 0.027266
0 0.770305 0.494187 0.027703 0.025750
0 0.584523 0.226773 0.027859 0.029203
0 0.818727 0.104062 0.026484 0.027469
0 0.578016 0.269992 0.029687 0.028672
0 0.815352 0.517469 0.027734 0.023937
0 0.605719 0.038883 0.028406 0.030609
0 0.016648 0.068133 0.027828 0.029359
0 0.154812 0.518477 0.026562 0.028672
0 0.580477 0.879703 0.027703 0.026875
0 0.266898 0.080219 0.027516 0.027813
0 0.944078 0.850992 0.024281 0.026234
0 0.507273 0.987570 0.041453 0.024859
0 0.193453 0.717664 0.024031 0.024297
0 0.546789 0.629273 0.025672 0.024703
0 0.740430 0.767047 0.026609 0.025687
0 0.791953 0.317336 0.027062 0.027422
0 0.964586 0.627430 0.029359 0.028578
0 0.559219 0.447664 0.027937 0.029328
0 0.570234 0.359938 0.025250 0.029313
0 0.532023 0.716781 0.031797 0.025906
0 0.957867 0.667242 0.025641 0.026297
0 0.952219 0.714516 0.030156 0.026187
0 0.986609 0.390805 0.026250 0.030297
0 0.987344 0.873305 0.025313 0.030984
0 0.933734 0.977867 0.025781 0.026234
0 0.224836 0.012852 0.033359 0.025328
0 0.936266 0.894586 0.023062 0.023328
0 0.085070 0.012359 0.030547 0.024281
0 0.832961 0.015914 0.026703 0.027703
0 0.008328 0.278867 0.016656 0.031109
0 0.024594 0.026906 0.028344 0.026344
0 0.884078 0.038687 0.026531 0.029125
0 0.842086 0.342172 0.024172 0.028438
0 0.778742 0.969016 0.024859 0.025000
0 0.987078 0.913789 0.025031 0.029203
0 0.844945 0.300063 0.026172 0.028594
0 0.008063 0.371547 0.016125 0.032063
0 0.013328 0.881188 0.024875 0.026281
0 0.982469 0.959461 0.032406 0.030453
0 0.008961 0.328750 0.017922 0.033375
0 0.590180 0.178484 0.025766 0.026500
0 0.009258 0.978641 0.018516 0.033344
0 0.737516 0.809187 0.022562 0.024438
0 0.010453 0.236828 0.020906 0.032656
0 0.990992 0.347898 0.018016 0.032297
0 0.011398 0.926867 0.022797 0.031172
0 0.012008 0.198453 0.023984 0.034781
0 0.578547 0.312969 0.039562 0.026375
0 0.985016 0.441859 0.029969 0.022781
0 0.979633 0.486820 0.031172 0.033578
