0 0.887781 0.073500 0.064875 0.060281
0 0.718258 0.147539 0.046297 0.045328
0 0.695984 0.795836 0.059656 0.053672
0 0.669844 0.221875 0.038406 0.038875
0 0.704156 0.944742 0.043156 0.040609
0 0.713547 0.095945 0.039344 0.039172
0 0.702750 0.846922 0.044719 0.038781
0 0.688312 0.609672 0.041219 0.039438
0 0.743984 0.538914 0.049031 0.044141
0 0.922758 0.869500 0.054109 0.052250
0 0.892016 0.218406 0.040750 0.047594
0 0.685945 0.561016 0.039453 0.035375
0 0.748812 0.632758 0.043938 0.035266
0 0.895227 0.273477 0.035641 0.033703
0 0.703234 0.894227 0.040469 0.038453
0 0.922680 0.783328 0.035859 0.034312
0 0.672937 0.319898 0.037188 0.037609
0 0.741047 0.488867 0.042281 0.036422
0 0.691367 0.656258 0.039484 0.036578
0 0.661680 0.070672 0.034891 0.035969
0 0.746672 0.588484 0.041531 0.034906
0 0.925656 0.959109 0.041531 0.039750
0 0.900516 0.360477 0.034875 0.034484
0 0.696344 0.700031 0.041156 0.035062
0 0.760437 0.968867 0.037094 0.038328
0 0.757633 0.920352 0.038328 0.033609
0 0.678414 0.418695 0.036672 0.035172
0 0.919109 0.600242 0.035781 0.034203
0 0.677852 0.368648 0.038797 0.038172
0 0.919953 0.737352 0.034281 0.035641
0 0.660102 0.020016 0.038047 0.035563
0 0.721164 0.246945 0.034141 0.032422
0 0.915492 0.548109 0.038016 0.035281
0 0.897188 0.318453 0.038875 0.034687
0 0.722023 0.196641 0.032828 0.032000
0 0.694734 0.745570 0.036031 0.032484
0 0.967453 0.848781 0.037125 0.036562
0 0.759648 0.867375 0.039641 0.040656
0 0.737398 0.436891 0.033734 0.032875
0 0.749594 0.677273 0.046188 0.035516
0 0.895719 0.021578 0.037094 0.031500
0 0.756281 0.815672 0.033969 0.031969
0 0.664883 0.116625 0.031672 0.035781
0 0.736719 0.389766 0.032312 0.029563
0 0.753906 0.763773 0.035625 0.032641
0 0.752102 0.717469 0.034547 0.033125
0 0.720539 0.294836 0.033297 0.031422
0 0.664984 0.170625 0.031750 0.033281
0 0.960789 0.479586 0.027984 0.026859
0 0.915016 0.496375 0.035438 0.030750
0 0.961281 0.522914 0.032563 0.031141
0 0.703016 0.987258 0.045688 0.025359
0 0.961289 0.568617 0.028266 0.027547
0 0.674336 0.272641 0.031172 0.030875
0 0.953992 0.336484 0.034047 0.031250
0 0.966648 0.617977 0.036484 0.035234
0 0.962672 0.714258 0.031687 0.027703
0 0.937648 0.106242 0.033891 0.033328
0 0.685063 0.514617 0.031188 0.028953
0 0.947492 0.289133 0.034703 0.031359
0 0.958836 0.757625 0.026328 0.027062
0 0.728383 0.338289 0.029984 0.031422
0 0.895523 0.127383 0.031016 0.027234
0 0.683313 0.466688 0.028625 0.028500
0 0.921266 0.824297 0.029094 0.028313
0 0.918805 0.640188 0.029891 0.027687
0 0.939352 0.189945 0.030859 0.033609
0 0.969242 0.888453 0.027859 0.028469
0 0.959555 0.429773 0.028266 0.026516
0 0.967938 0.936055 0.030875 0.031641
0 0.894164 0.169883 0.039828 0.032016
0 0.916289 0.407539 0.032984 0.030641
0 0.947219 0.056492 0.028063 0.028641
0 0.954906 0.381000 0.029469 0.027469
0 0.946320 0.245562 0.028484 0.028125
0 0.961328 0.798922 0.026250 0.025813
0 0.961773 0.663609 0.027859 0.028062
0 0.917945 0.451648 0.033453 0.029578
0 0.940945 0.147539 0.030484 0.028391
0 0.928164 0.687875 0.033359 0.032563
0 0.709984 0.049875 0.030063 0.027656
0 0.929141 0.913875 0.027281 0.024875
0 0.968117 0.980703 0.024891 0.024281
0 0.848836 0.800453 0.034078 0.031281
