0 0.185172 0.784266 0.037906 0.045281
0 0.165055 0.950625 0.050234 0.057875
0 0.032328 0.945984 0.040500 0.050906
0 0.078102 0.947469 0.043922 0.055406
0 0.096195 0.769875 0.036047 0.042594
0 0.108383 0.895258 0.037797 0.044016
0 0.136625 0.773867 0.034937 0.040328
0 0.170664 0.730773 0.040641 0.047859
0 0.120758 0.948539 0.035484 0.045078
0 0.055797 0.769664 0.037562 0.045422
0 0.147719 0.898961 0.041750 0.048391
0 0.213875 0.955414 0.038062 0.045859
0 0.237086 0.899828 0.049953 0.054969
0 0.212352 0.727844 0.041328 0.061125
0 0.018445 0.892742 0.036422 0.044453
0 0.064078 0.894836 0.034781 0.038172
0 0.230750 0.795750 0.046344 0.054531
0 0.125570 0.724250 0.031672 0.036937
0 0.191562 0.899594 0.030969 0.039562
0 0.258180 0.728625 0.048547 0.045781
0 0.088227 0.714055 0.033297 0.049953
0 0.043141 0.713359 0.031906 0.040219
