0 0.981461 0.054719 0.026266 0.027625
0 0.343102 0.250211 0.050047 0.048391
0 0.330406 0.058648 0.044750 0.040234
0 0.290055 0.284148 0.046922 0.044516
0 0.304305 0.384813 0.039797 0.039281
0 0.394164 0.594328 0.045859 0.043187
0 0.368844 0.722586 0.051719 0.047891
0 0.342023 0.150906 0.050266 0.041625
0 0.430250 0.784016 0.041500 0.038219
0 0.387117 0.824828 0.052516 0.050625
0 0.342687 0.198742 0.043500 0.037078
0 0.422063 0.736102 0.040750 0.039234
0 0.754719 0.094625 0.035219 0.034031
0 0.455820 0.884430 0.054234 0.045609
0 0.815687 0.159672 0.038031 0.038687
0 0.798320 0.407375 0.040109 0.038563
0 0.975461 0.473000 0.047609 0.043125
0 0.646875 0.661477 0.037813 0.035641
0 0.790687 0.356852 0.038344 0.036172
0 0.383727 0.545734 0.042984 0.041125
0 0.471297 0.935734 0.047906 0.047188
0 0.363102 0.446883 0.044578 0.042828
0 0.777680 0.268648 0.039578 0.034641
0 0.408633 0.685359 0.044047 0.042437
0 0.374492 0.494883 0.041922 0.042203
0 0.925234 0.123617 0.038156 0.034734
0 0.929445 0.212477 0.038953 0.033891
0 0.287727 0.184648 0.035266 0.036453
0 0.927492 0.170891 0.037859 0.031688
0 0.291656 0.231641 0.038813 0.035625
0 0.349820 0.349352 0.036078 0.034578
0 0.347547 0.584187 0.037688 0.036781
0 0.287445 0.088531 0.048859 0.041844
0 0.337930 0.107086 0.035016 0.033703
0 0.381320 0.772992 0.037328 0.037516
0 0.769437 0.223211 0.035219 0.031641
0 0.337109 0.530031 0.045688 0.052469
0 0.289203 0.137180 0.041656 0.036578
0 0.346406 0.302570 0.045094 0.039797
0 0.614977 0.425227 0.033922 0.033672
0 0.751430 0.046656 0.030672 0.031531
0 0.810305 0.061695 0.040328 0.035297
0 0.513836 0.126992 0.032453 0.032109
0 0.835727 0.250727 0.035828 0.031922
0 0.951539 0.338227 0.036203 0.035141
0 0.781930 0.311617 0.033234 0.031016
0 0.846797 0.672773 0.038031 0.034797
0 0.440773 0.830055 0.038703 0.037266
0 0.874844 0.510031 0.032406 0.032906
0 0.314781 0.432602 0.035062 0.037766
0 0.639672 0.614039 0.033625 0.034016
0 0.518828 0.172820 0.031906 0.032078
0 0.401898 0.872836 0.037203 0.037203
0 0.801062 0.018781 0.036719 0.036125
0 0.985063 0.188594 0.029250 0.031625
0 0.569414 0.551930 0.033391 0.029484
0 0.357242 0.400469 0.035453 0.034000
0 0.566453 0.502836 0.033531 0.031578
0 0.576234 0.599844 0.034219 0.034031
0 0.563953 0.050695 0.031031 0.029766
0 0.529430 0.221906 0.031703 0.032813
0 0.598141 0.332344 0.032000 0.032000
0 0.403602 0.640000 0.036078 0.032219
0 0.839180 0.290742 0.034266 0.031672
0 0.765289 0.176398 0.036891 0.037766
0 0.541391 0.272320 0.030687 0.034578
0 0.410297 0.925320 0.049594 0.040328
0 0.760461 0.134805 0.030391 0.028422
0 0.294664 0.335320 0.031734 0.033859
0 0.826352 0.584961 0.030859 0.031859
0 0.862023 0.711320 0.035359 0.031641
0 0.666555 0.757937 0.032234 0.033219
0 0.554945 0.410289 0.032984 0.031453
0 0.567750 0.187750 0.035313 0.034906
0 0.606578 0.374977 0.032000 0.030641
0 0.564047 0.141258 0.033688 0.033672
0 0.597617 0.696906 0.032234 0.031750
0 0.505898 0.077922 0.031078 0.032594
0 0.982445 0.095859 0.034422 0.037187
0 0.802500 0.452695 0.032625 0.029234
0 0.281500 0.038945 0.035281 0.033547
0 0.628359 0.564953 0.031656 0.031687
0 0.968398 0.845000 0.039766 0.042375
0 0.807406 0.497328 0.032094 0.030344
0 0.577984 0.239891 0.027813 0.028563
0 0.551344 0.364906 0.031562 0.030125
0 0.616125 0.467875 0.030156 0.029344
0 0.849891 0.465664 0.031531 0.028297
0 0.587812 0.651195 0.033625 0.029922
0 0.429500 0.977164 0.038500 0.039766
0 0.584352 0.282320 0.027734 0.029047
0 0.814484 0.540453 0.033656 0.031219
0 0.549508 0.315594 0.033328 0.028969
0 0.504742 0.031938 0.030547 0.031594
0 0.331367 0.013797 0.033641 0.027250
0 0.968094 0.423375 0.035062 0.034656
0 0.960258 0.384172 0.030359 0.030344
0 0.805305 0.109977 0.030047 0.029797
0 0.881664 0.550750 0.030266 0.027750
0 0.921633 0.075570 0.028016 0.028359
0 0.941625 0.289383 0.034656 0.030984
0 0.823453 0.204523 0.033094 0.029516
0 0.622867 0.516797 0.028328 0.029250
0 0.890687 0.591594 0.027750 0.027844
0 0.558758 0.093359 0.029109 0.028437
0 0.986812 0.228141 0.026188 0.028750
0 0.922359 0.035492 0.031031 0.032047
0 0.905375 0.676523 0.028188 0.029391
0 0.935422 0.252609 0.033437 0.028219
0 0.658820 0.702977 0.027422 0.027516
0 0.637977 0.841219 0.032328 0.033438
0 0.836141 0.629695 0.028063 0.026016
0 0.605820 0.749320 0.032828 0.033922
0 0.479602 0.983039 0.033359 0.032266
0 0.983750 0.141688 0.030750 0.029844
0 0.894937 0.634430 0.033219 0.032359
0 0.691398 0.850266 0.030266 0.032969
0 0.950797 0.933664 0.035562 0.037266
0 0.325625 0.477641 0.034187 0.031625
0 0.362555 0.674570 0.034203 0.032109
0 0.977758 0.014070 0.035828 0.027578
0 0.843617 0.335375 0.031047 0.030594
0 0.910000 0.839625 0.036469 0.033312
0 0.987258 0.267437 0.025484 0.031531
0 0.878594 0.755430 0.031406 0.032734
0 0.655695 0.887117 0.030141 0.031016
0 0.559734 0.454297 0.029469 0.028594
0 0.353078 0.628203 0.035219 0.034281
0 0.621977 0.796352 0.028203 0.028141
0 0.675313 0.931789 0.028781 0.023984
0 0.710688 0.888031 0.034781 0.032375
0 0.729273 0.937781 0.033578 0.026375
0 0.695703 0.978547 0.028781 0.028781
0 0.754453 0.980953 0.043156 0.026375
0 0.936102 0.894023 0.044359 0.034766
0 0.968477 0.980344 0.029984 0.032375
0 0.919922 0.715961 0.028781 0.026391
0 0.681312 0.805289 0.035969 0.029984
