0 0.693555 0.909211 0.046609 0.043453
0 0.231352 0.122523 0.050016 0.044328
0 0.646078 0.025031 0.061719 0.050062
0 0.931555 0.022281 0.051828 0.044031
0 0.882484 0.507141 0.047469 0.042125
0 0.806211 0.922734 0.055609 0.046469
0 0.223633 0.671953 0.048859 0.044125
0 0.434586 0.458344 0.043453 0.038969
0 0.283680 0.785117 0.046047 0.041141
0 0.689664 0.855641 0.049578 0.047875
0 0.816906 0.523953 0.052656 0.043344
0 0.864242 0.769656 0.046297 0.041625
0 0.706914 0.049891 0.055453 0.048750
0 0.872000 0.596203 0.052156 0.044250
0 0.861164 0.858906 0.058234 0.049625
0 0.501633 0.355305 0.051109 0.047859
0 0.495375 0.969344 0.051438 0.052313
0 0.854711 0.143805 0.050078 0.050109
0 0.683250 0.271570 0.050500 0.046484
0 0.627625 0.832914 0.052500 0.042391
0 0.488758 0.571594 0.051266 0.041156
0 0.676117 0.444953 0.048266 0.042344
0 0.869867 0.684875 0.051734 0.044656
0 0.277062 0.697352 0.042719 0.045266
0 0.686813 0.809773 0.049781 0.042047
0 0.289844 0.099781 0.041625 0.043188
0 0.697680 0.960398 0.044297 0.041672
0 0.491625 0.487492 0.048125 0.040391
0 0.682594 0.397719 0.060438 0.049125
0 0.216531 0.572758 0.044438 0.043922
0 0.845734 0.243148 0.050313 0.046703
0 0.839945 0.294266 0.050203 0.046188
0 0.493758 0.922328 0.041984 0.035281
0 0.630945 0.881328 0.054859 0.051625
0 0.241406 0.021477 0.049156 0.041953
0 0.860906 0.908477 0.042500 0.038078
0 0.075992 0.148148 0.041078 0.036578
0 0.834320 0.386148 0.048953 0.038859
0 0.290203 0.970422 0.042656 0.041969
0 0.092102 0.024859 0.045828 0.046844
0 0.905109 0.278227 0.056531 0.052484
0 0.807094 0.784563 0.046969 0.036062
0 0.893227 0.374523 0.051078 0.043172
0 0.273922 0.469187 0.057406 0.053000
0 0.283680 0.832016 0.042234 0.039438
0 0.909281 0.175578 0.049969 0.050906
0 0.459820 0.161430 0.044672 0.042297
0 0.018773 0.293656 0.037453 0.052219
0 0.225109 0.304672 0.051781 0.046313
0 0.276828 0.373891 0.048625 0.050906
0 0.628727 0.234719 0.040078 0.038750
0 0.235984 0.070703 0.049313 0.049188
0 0.892141 0.461891 0.052875 0.043438
0 0.023875 0.160469 0.046281 0.043344
0 0.626070 0.635359 0.042797 0.041406
0 0.279883 0.287477 0.040797 0.037672
0 0.514891 0.230438 0.060469 0.054344
0 0.272203 0.599898 0.042156 0.037484
0 0.678562 0.531516 0.052781 0.045781
0 0.484266 0.786766 0.040687 0.035562
0 0.811586 0.609703 0.040422 0.036906
0 0.698023 0.184273 0.051516 0.044297
0 0.822055 0.477000 0.052641 0.047688
0 0.237695 0.945898 0.048859 0.042703
0 0.067367 0.363367 0.053172 0.043609
0 0.623039 0.546969 0.043203 0.036781
0 0.217242 0.620984 0.039328 0.039031
0 0.284602 0.149484 0.038672 0.037375
0 0.451516 0.244984 0.036531 0.038187
0 0.484578 0.700625 0.042750 0.039469
0 0.625211 0.412047 0.040297 0.036875
0 0.525805 0.020602 0.039609 0.039766
0 0.232211 0.898258 0.050984 0.046984
0 0.827969 0.429695 0.048969 0.041672
0 0.070258 0.532453 0.049078 0.041281
0 0.227320 0.213156 0.042266 0.036938
0 0.287164 0.922695 0.036547 0.033609
0 0.707742 0.100344 0.040359 0.037719
0 0.018555 0.207422 0.036766 0.040281
0 0.920312 0.076992 0.048562 0.048484
0 0.520430 0.149156 0.039922 0.030656
0 0.491039 0.876289 0.038484 0.037172
0 0.441055 0.369273 0.037734 0.035859
0 0.806703 0.829156 0.046062 0.041687
0 0.809898 0.655695 0.056109 0.044953
0 0.871602 0.638055 0.053859 0.045453
0 0.483242 0.744305 0.040391 0.035984
0 0.222531 0.256133 0.039500 0.037828
0 0.839156 0.340477 0.057344 0.046766
0 0.273328 0.424031 0.042531 0.037594
0 0.284914 0.881719 0.041672 0.038250
0 0.683781 0.658703 0.051469 0.040625
0 0.228711 0.851687 0.055422 0.049062
0 0.211891 0.484789 0.044219 0.037891
0 0.072875 0.442281 0.058219 0.044281
0 0.423711 0.547312 0.033266 0.034188
0 0.899031 0.328562 0.054156 0.047406
0 0.864289 0.089000 0.046297 0.043188
0 0.437016 0.412672 0.044719 0.039281
0 0.529047 0.065625 0.041406 0.039406
0 0.625563 0.589797 0.048469 0.041906
0 0.622812 0.324633 0.044250 0.038641
0 0.068141 0.573281 0.047000 0.036656
0 0.638695 0.937477 0.037391 0.037516
0 0.065266 0.319945 0.046281 0.036047
0 0.806563 0.970492 0.042125 0.043266
0 0.434156 0.939258 0.036344 0.037578
0 0.067469 0.489305 0.050531 0.043453
0 0.071992 0.191406 0.043172 0.041969
0 0.861805 0.952617 0.045328 0.040078
0 0.425531 0.676617 0.035000 0.032234
0 0.691508 0.226836 0.049297 0.042359
0 0.627711 0.278367 0.038797 0.033922
0 0.877625 0.550789 0.044000 0.036984
0 0.485563 0.615906 0.038500 0.031969
0 0.803367 0.701203 0.046453 0.042031
0 0.501625 0.401141 0.039406 0.034687
0 0.223859 0.350141 0.042562 0.036250
0 0.485430 0.528516 0.032953 0.028313
0 0.448086 0.289617 0.050391 0.039734
0 0.020078 0.790656 0.039625 0.046094
0 0.627727 0.367398 0.045422 0.039266
0 0.074320 0.813141 0.052359 0.043250
0 0.421484 0.591391 0.041000 0.040031
0 0.679555 0.575156 0.046984 0.039969
0 0.519000 0.189102 0.043500 0.035391
0 0.431031 0.500437 0.035281 0.035656
0 0.077594 0.106969 0.039875 0.036156
0 0.452945 0.202992 0.030109 0.028141
0 0.636562 0.981383 0.056313 0.035703
0 0.511641 0.274727 0.044688 0.036141
0 0.016672 0.472180 0.032906 0.044547
0 0.622945 0.457125 0.032734 0.034563
0 0.803664 0.877070 0.040859 0.039953
0 0.068914 0.899141 0.043891 0.044281
0 0.282156 0.240555 0.042094 0.038234
0 0.874852 0.040133 0.048672 0.046422
0 0.678578 0.489539 0.047031 0.038297
0 0.284344 0.198953 0.029906 0.032094
0 0.015570 0.383273 0.030734 0.043391
0 0.428734 0.805406 0.036906 0.035719
0 0.468719 0.036031 0.044875 0.036937
0 0.215570 0.526523 0.053641 0.043016
0 0.848727 0.192305 0.041078 0.038516
0 0.806133 0.744148 0.046172 0.036078
0 0.070813 0.731477 0.043687 0.037172
0 0.065469 0.236055 0.032344 0.029984
0 0.072219 0.771398 0.040031 0.030641
0 0.864305 0.814312 0.045109 0.039281
0 0.678656 0.355914 0.044000 0.040766
0 0.914828 0.126453 0.049719 0.038937
0 0.030711 0.119914 0.041109 0.037922
0 0.491695 0.827125 0.037609 0.034969
0 0.483586 0.653320 0.033797 0.027578
0 0.507383 0.315812 0.035828 0.026906
0 0.703430 0.142523 0.043609 0.037891
0 0.497039 0.445922 0.033453 0.031937
0 0.813852 0.565859 0.042953 0.033312
0 0.236422 0.984180 0.046188 0.030766
0 0.862922 0.724734 0.042063 0.034406
0 0.433141 0.846008 0.026125 0.029766
0 0.275641 0.646633 0.032031 0.031766
0 0.063250 0.277461 0.048688 0.039672
0 0.214258 0.441984 0.041109 0.032437
0 0.020289 0.550297 0.040422 0.045813
0 0.622188 0.505508 0.036875 0.035422
0 0.422672 0.635141 0.026438 0.029312
0 0.466328 0.075961 0.029563 0.033391
0 0.427203 0.762102 0.030781 0.028797
0 0.018391 0.674930 0.036500 0.041109
0 0.267258 0.551914 0.034234 0.037766
0 0.438648 0.985594 0.034859 0.028125
0 0.517938 0.103078 0.035281 0.031594
0 0.633242 0.788781 0.033641 0.030312
0 0.892617 0.417680 0.044516 0.033891
0 0.445266 0.327562 0.046156 0.035875
0 0.218578 0.400906 0.043188 0.037219
0 0.080391 0.064070 0.032281 0.029016
0 0.019047 0.911703 0.037875 0.042344
0 0.019641 0.869414 0.037656 0.033797
0 0.647789 0.109203 0.046703 0.039938
0 0.034133 0.081406 0.042391 0.033344
0 0.649336 0.068344 0.046734 0.035969
0 0.034734 0.042664 0.040375 0.036922
0 0.016172 0.339227 0.030969 0.032203
0 0.069898 0.938828 0.039484 0.032563
0 0.685531 0.315680 0.044562 0.036828
0 0.071039 0.977625 0.042516 0.037375
0 0.070578 0.614258 0.051562 0.040922
0 0.016727 0.425250 0.032922 0.043469
0 0.628148 0.678656 0.025859 0.027563
0 0.678734 0.615711 0.045250 0.039922
0 0.636242 0.155281 0.047953 0.047813
0 0.015359 0.247164 0.028813 0.029797
0 0.071328 0.855906 0.037437 0.030750
0 0.070836 0.691953 0.048672 0.039938
0 0.681836 0.702773 0.039672 0.040422
0 0.854391 0.990312 0.039062 0.018187
0 0.071328 0.651289 0.049375 0.037422
0 0.062547 0.401945 0.039531 0.034016
0 0.018414 0.746984 0.036453 0.040563
0 0.709195 0.012289 0.045172 0.024578
0 0.015297 0.511063 0.030594 0.040187
0 0.023641 0.595414 0.040125 0.041734
0 0.019445 0.633133 0.038891 0.040141
0 0.020250 0.713391 0.040500 0.030500
0 0.021242 0.956578 0.041734 0.044937
