0 0.188570 0.271477 0.055016 0.046672
0 0.251047 0.421281 0.052219 0.064750
0 0.335023 0.419195 0.054734 0.054734
0 0.345680 0.542023 0.065172 0.069766
0 0.257945 0.564992 0.066016 0.066422
0 0.148492 0.565203 0.055984 0.056813
0 0.147859 0.433609 0.045531 0.046781
0 0.048438 0.442383 0.052219 0.052641
0 0.048852 0.575234 0.051391 0.050969
0 0.063266 0.710586 0.048469 0.055141
0 0.155594 0.712258 0.045125 0.051797
0 0.250422 0.697219 0.048469 0.053469
0 0.101727 0.281320 0.045859 0.051234
0 0.360086 0.690953 0.053891 0.050125
0 0.056164 0.846359 0.046797 0.052625
0 0.158305 0.846570 0.066422 0.051391
0 0.256070 0.842391 0.053891 0.043875
0 0.358625 0.831531 0.050969 0.049719
0 0.361547 0.949125 0.048469 0.064344
0 0.266516 0.273227 0.048000 0.048016
0 0.258359 0.953305 0.048469 0.052641
0 0.163320 0.959156 0.051391 0.054312
0 0.059922 0.957062 0.053469 0.051812
