0 0.146297 0.236727 0.043094 0.040672
0 0.160242 0.148070 0.039734 0.037484
0 0.196203 0.311586 0.044469 0.040484
0 0.021422 0.222367 0.041688 0.037328
0 0.192055 0.358312 0.041328 0.041469
0 0.210328 0.222992 0.041281 0.039828
0 0.091656 0.646172 0.041312 0.038969
0 0.046273 0.019516 0.041234 0.037969
0 0.184773 0.410375 0.038984 0.036781
0 0.064945 0.821484 0.044453 0.037969
0 0.100586 0.560945 0.035703 0.034266
0 0.112523 0.901961 0.049703 0.046734
0 0.080766 0.688328 0.047125 0.040094
0 0.160930 0.545680 0.037609 0.034078
0 0.171070 0.100562 0.034266 0.036344
0 0.232062 0.087141 0.036563 0.037125
0 0.169039 0.498219 0.036172 0.036000
0 0.153648 0.590039 0.046141 0.041703
0 0.155281 0.191562 0.041219 0.036781
0 0.113156 0.470102 0.034969 0.036609
0 0.056547 0.862969 0.060437 0.048938
0 0.175000 0.451320 0.035344 0.033172
0 0.054242 0.909578 0.038109 0.032469
0 0.070953 0.734531 0.038875 0.034406
0 0.049508 0.951594 0.031984 0.031875
0 0.097117 0.602461 0.036203 0.029797
0 0.221219 0.176328 0.034125 0.033656
0 0.137094 0.721211 0.036031 0.032766
0 0.149453 0.633000 0.038062 0.031625
0 0.107469 0.515117 0.035281 0.035859
0 0.018703 0.265641 0.034250 0.036531
0 0.037133 0.102711 0.037328 0.030672
0 0.144547 0.673867 0.036312 0.037609
0 0.121000 0.852445 0.032937 0.033422
0 0.100258 0.980984 0.033484 0.032687
0 0.172945 0.052391 0.041891 0.034594
0 0.044555 0.061695 0.033828 0.032766
0 0.122195 0.375352 0.031703 0.030266
0 0.240703 0.038055 0.039719 0.036016
0 0.013648 0.348625 0.026672 0.037188
0 0.206508 0.264945 0.029328 0.028578
0 0.135484 0.761797 0.034438 0.032281
0 0.107828 0.940609 0.037344 0.027531
0 0.226070 0.134500 0.027141 0.028500
0 0.042852 0.987555 0.038016 0.024453
0 0.120234 0.421672 0.035500 0.040719
0 0.139953 0.280289 0.026969 0.025922
0 0.180938 0.015422 0.041906 0.030344
0 0.034359 0.141602 0.049719 0.043328
0 0.013242 0.304547 0.025578 0.029687
0 0.030047 0.181656 0.052625 0.042313
0 0.130734 0.328875 0.026625 0.027719
0 0.010375 0.436734 0.020750 0.038000
0 0.009633 0.392133 0.019266 0.033859
