0 0.838383 0.055891 0.028766 0.029969
0 0.862367 0.096063 0.031172 0.028781
0 0.891141 0.135625 0.016781 0.035969
0 0.913320 0.182383 0.029984 0.023984
0 0.951094 0.218961 0.031187 0.025172
0 0.983469 0.271719 0.026375 0.025188
0 0.179078 0.959203 0.051344 0.061812
0 0.250625 0.821359 0.057437 0.068687
0 0.271172 0.751523 0.054438 0.058453
0 0.330609 0.869406 0.048062 0.056531
0 0.481297 0.963008 0.042438 0.045484
0 0.406875 0.919477 0.039500 0.048484
0 0.288742 0.847789 0.042484 0.051359
0 0.307953 0.776133 0.039000 0.044672
0 0.345609 0.802781 0.040875 0.049031
0 0.644445 0.981617 0.038672 0.035328
0 0.442930 0.936844 0.041172 0.049594
0 0.461148 0.880656 0.045516 0.045938
0 0.369133 0.898492 0.034953 0.043266
0 0.383836 0.828352 0.041047 0.039047
0 0.962484 0.014656 0.031031 0.028594
0 0.527633 0.923016 0.039141 0.044625
0 0.255141 0.990266 0.032656 0.018875
0 0.419836 0.855656 0.037828 0.042938
0 0.215766 0.979984 0.033813 0.037875
0 0.553375 0.987516 0.044094 0.023375
0 0.560203 0.940781 0.045563 0.046750
0 0.605766 0.959969 0.035969 0.032375
0 0.764047 0.015125 0.038375 0.029969
0 0.785023 0.058891 0.034766 0.038375
0 0.805406 0.098453 0.029969 0.016781
0 0.828195 0.134430 0.034766 0.043172
0 0.847375 0.179391 0.041969 0.029969
0 0.872555 0.237547 0.044359 0.026375
0 0.816805 0.016922 0.023984 0.019187
