0 0.128633 0.545008 0.060391 0.052578
0 0.060086 0.766750 0.057234 0.051625
0 0.056758 0.518789 0.056453 0.054297
0 0.135008 0.835906 0.058234 0.049281
0 0.056531 0.472773 0.050313 0.042203
0 0.127023 0.743023 0.057172 0.055359
0 0.120359 0.497727 0.039750 0.034891
0 0.129328 0.635820 0.053375 0.048141
0 0.060172 0.661727 0.039219 0.040609
0 0.063578 0.862922 0.045656 0.041062
0 0.122625 0.452680 0.059281 0.048547
0 0.059000 0.715539 0.045312 0.041016
0 0.132031 0.886375 0.045906 0.041875
0 0.136445 0.936477 0.041016 0.043047
0 0.121969 0.403688 0.054344 0.045000
0 0.133242 0.691453 0.056828 0.049406
0 0.063875 0.912914 0.038063 0.036484
0 0.058797 0.611367 0.041812 0.038359
0 0.055836 0.816289 0.042016 0.037078
0 0.058430 0.567078 0.037891 0.032469
0 0.057156 0.428500 0.043906 0.038250
0 0.664766 0.971484 0.067031 0.056188
