0 0.846125 0.719344 0.027688 0.026313
0 0.939977 0.171313 0.046297 0.044937
0 0.667430 0.110781 0.048953 0.040750
0 0.631172 0.585375 0.048313 0.044281
0 0.638062 0.402945 0.062625 0.053266
0 0.917242 0.543875 0.044578 0.039938
0 0.628023 0.759148 0.051297 0.044859
0 0.656523 0.197969 0.041016 0.037750
0 0.563477 0.022273 0.046078 0.044078
0 0.902789 0.749023 0.038484 0.034828
0 0.698148 0.786000 0.042797 0.038438
0 0.870445 0.396969 0.050453 0.038687
0 0.625812 0.711617 0.047875 0.043891
0 0.876039 0.948156 0.041391 0.036687
0 0.630766 0.808234 0.047031 0.045656
0 0.697867 0.835148 0.046984 0.046578
0 0.823133 0.960750 0.048297 0.044187
0 0.697805 0.736086 0.039703 0.036641
0 0.649242 0.282281 0.048797 0.040656
0 0.946820 0.098406 0.050516 0.045313
0 0.869805 0.318133 0.059484 0.055328
0 0.721500 0.141727 0.041469 0.040391
0 0.707383 0.310133 0.039484 0.034703
0 0.701688 0.518961 0.044844 0.040609
0 0.909289 0.661172 0.041297 0.035000
0 0.696203 0.647016 0.036031 0.032000
0 0.917211 0.585969 0.042141 0.037125
0 0.891945 0.826633 0.044297 0.042984
0 0.880297 0.185227 0.049219 0.042141
0 0.846617 0.763430 0.041797 0.038828
0 0.933141 0.260852 0.054469 0.044766
0 0.639992 0.322172 0.037828 0.031656
0 0.698609 0.690438 0.042594 0.037937
0 0.926281 0.463539 0.044031 0.041703
0 0.956438 0.020008 0.055969 0.040016
0 0.639469 0.494820 0.051781 0.047797
0 0.908703 0.702164 0.040937 0.037359
0 0.661656 0.150242 0.036031 0.033828
0 0.700703 0.393109 0.052781 0.043344
0 0.639836 0.449961 0.043141 0.036672
0 0.710656 0.269945 0.037937 0.035734
0 0.704492 0.435836 0.058703 0.046703
0 0.698469 0.606742 0.029969 0.026984
0 0.629477 0.627563 0.035828 0.031344
0 0.874484 0.272805 0.049594 0.036047
0 0.699742 0.561234 0.032703 0.031031
0 0.875711 0.229703 0.047172 0.040719
0 0.671641 0.025820 0.043969 0.036984
0 0.638383 0.361633 0.041797 0.034922
0 0.877594 0.906914 0.039844 0.035922
0 0.670758 0.066023 0.034297 0.029203
0 0.725773 0.096805 0.031422 0.028953
0 0.655930 0.241180 0.043234 0.037078
0 0.705375 0.350289 0.046281 0.036797
0 0.632977 0.535688 0.044828 0.041156
0 0.929547 0.383727 0.043031 0.033578
0 0.635273 0.667555 0.039359 0.031453
0 0.730930 0.058281 0.034453 0.029844
0 0.927562 0.342172 0.040906 0.035688
0 0.830531 0.919852 0.041219 0.037172
0 0.850117 0.681430 0.035609 0.034203
0 0.873305 0.985391 0.048484 0.028438
0 0.936602 0.217711 0.054422 0.044703
0 0.929383 0.301047 0.052234 0.043000
0 0.918219 0.625367 0.039781 0.032234
0 0.898070 0.787781 0.039047 0.030938
0 0.857148 0.599742 0.030453 0.033734
0 0.702773 0.476813 0.039203 0.032031
0 0.714148 0.225023 0.034672 0.029984
0 0.848789 0.639703 0.039109 0.033469
0 0.949367 0.058359 0.041078 0.037344
0 0.860266 0.517758 0.043531 0.041141
0 0.843508 0.802250 0.033828 0.029500
0 0.832898 0.881586 0.042828 0.031672
0 0.736500 0.015555 0.030219 0.029453
0 0.880437 0.864016 0.032125 0.028813
0 0.717258 0.184164 0.031828 0.031234
0 0.834719 0.842398 0.040094 0.036453
0 0.863727 0.437125 0.046172 0.035594
0 0.927391 0.421898 0.040531 0.036141
0 0.925648 0.501172 0.027547 0.025625
0 0.865508 0.474633 0.057891 0.047984
0 0.856219 0.559141 0.031594 0.029812
0 0.870523 0.358039 0.031828 0.028266
0 0.894922 0.030570 0.039594 0.034391
0 0.893477 0.069195 0.055016 0.043984
0 0.885250 0.104594 0.059656 0.045781
0 0.879008 0.142750 0.058266 0.041625
