0 0.190180 0.822367 0.038609 0.038891
0 0.266906 0.985031 0.038094 0.028031
0 0.510445 0.865242 0.027578 0.032359
0 0.536820 0.890422 0.027578 0.029969
0 0.584187 0.928195 0.033563 0.033578
0 0.619555 0.958773 0.020391 0.027578
0 0.647141 0.981555 0.029969 0.027578
0 0.489469 0.922195 0.035969 0.026391
0 0.520641 0.952172 0.038375 0.035969
0 0.564164 0.985617 0.041953 0.028766
0 0.221234 0.855531 0.041969 0.022781
0 0.258414 0.890305 0.027578 0.025172
0 0.299172 0.922078 0.029969 0.031188
0 0.332148 0.956250 0.033578 0.020375
0 0.227836 0.951453 0.031172 0.022781
0 0.200852 0.920273 0.027578 0.027578
0 0.159484 0.883711 0.028781 0.021578
0 0.125914 0.848930 0.045578 0.031172
0 0.089344 0.814766 0.041969 0.029969
0 0.057570 0.784188 0.026391 0.031188
0 0.010805 0.662484 0.014391 0.013187
0 0.112727 0.747016 0.021578 0.026375
0 0.020398 0.744617 0.028766 0.026391
0 0.154086 0.784789 0.027578 0.025172
0 0.508445 0.704719 0.064016 0.072906
0 0.603344 0.800961 0.069813 0.069859
0 0.420508 0.792359 0.066891 0.074594
0 0.045922 0.293375 0.059406 0.061563
0 0.770562 0.972102 0.058813 0.055797
0 0.143953 0.372547 0.054344 0.056344
0 0.223766 0.451867 0.063531 0.069109
0 0.333258 0.715148 0.061578 0.063828
0 0.132859 0.547336 0.061750 0.066953
0 0.079195 0.616227 0.071922 0.081609
0 0.034563 0.459437 0.059063 0.057844
0 0.694773 0.887391 0.071141 0.081906
0 0.407109 0.604305 0.053156 0.059078
0 0.172875 0.696242 0.057312 0.058547
0 0.320453 0.528273 0.050438 0.053516
0 0.230102 0.628437 0.051078 0.052906
0 0.347820 0.900445 0.051984 0.057516
0 0.264430 0.785945 0.048484 0.047422
0 0.083359 0.724227 0.042219 0.044703
0 0.043781 0.688344 0.033031 0.034469
0 0.011242 0.525523 0.022484 0.057547
0 0.449773 0.887180 0.033141 0.034609
0 0.362227 0.985305 0.033391 0.028797
