0 0.014508 0.614328 0.029016 0.026156
0 0.150773 0.761758 0.033859 0.032266
0 0.873219 0.165977 0.030969 0.029422
0 0.964711 0.864891 0.032609 0.029500
0 0.676219 0.193586 0.031406 0.034234
0 0.226398 0.163203 0.040141 0.037125
0 0.963477 0.772430 0.031141 0.031547
0 0.548820 0.895687 0.028703 0.033219
0 0.888820 0.032602 0.030703 0.028828
0 0.616531 0.258805 0.034500 0.032734
0 0.697250 0.053078 0.032281 0.030594
0 0.686164 0.149938 0.029078 0.030125
0 0.885039 0.072070 0.028922 0.027891
0 0.218250 0.210523 0.031281 0.033516
0 0.203258 0.300141 0.029609 0.034687
0 0.626125 0.214125 0.032063 0.032375
0 0.202875 0.785727 0.031563 0.031047
0 0.648945 0.414883 0.033078 0.030203
0 0.773031 0.750273 0.031875 0.032797
0 0.820688 0.774789 0.028250 0.031297
0 0.848789 0.439391 0.029078 0.031438
0 0.784227 0.606430 0.031266 0.032016
0 0.693172 0.101828 0.029469 0.030063
0 0.656969 0.284312 0.034969 0.031688
0 0.195469 0.348031 0.027562 0.030313
0 0.802281 0.964797 0.028594 0.028094
0 0.961938 0.961688 0.032219 0.030625
0 0.189984 0.390781 0.029750 0.029531
0 0.671883 0.235367 0.026016 0.027422
0 0.986414 0.527523 0.026953 0.031703
0 0.824273 0.140320 0.031328 0.028953
0 0.867789 0.211578 0.025359 0.031062
0 0.631852 0.163742 0.033328 0.033828
0 0.597727 0.919820 0.029234 0.031047
0 0.169828 0.582953 0.031000 0.031062
0 0.847953 0.488625 0.028344 0.030812
0 0.646922 0.072492 0.031313 0.033203
0 0.175898 0.537461 0.031203 0.029828
0 0.243461 0.377344 0.031266 0.029812
0 0.793062 0.515375 0.028062 0.029656
0 0.653898 0.027352 0.029828 0.029703
0 0.149352 0.803656 0.029391 0.028563
0 0.286961 0.145164 0.032516 0.028828
0 0.070195 0.134508 0.031328 0.030516
0 0.650336 0.457008 0.026016 0.025859
0 0.804383 0.911656 0.027859 0.028437
0 0.599758 0.871617 0.028797 0.029797
0 0.819805 0.188727 0.029203 0.030359
0 0.061859 0.177398 0.030562 0.029328
0 0.840008 0.045883 0.027391 0.028453
0 0.826250 0.728938 0.028094 0.028094
0 0.293328 0.100055 0.032250 0.032266
0 0.767859 0.795297 0.029312 0.030125
0 0.571867 0.710422 0.026422 0.027219
0 0.546930 0.940258 0.026328 0.029547
0 0.079969 0.087813 0.031719 0.034156
0 0.590773 0.481367 0.030922 0.031422
0 0.594703 0.964555 0.026687 0.031391
0 0.620859 0.736781 0.027125 0.027875
0 0.048078 0.260453 0.025906 0.026875
0 0.198977 0.832008 0.032391 0.026484
0 0.877828 0.122781 0.025781 0.027500
0 0.839711 0.584000 0.028516 0.028562
0 0.790344 0.559969 0.028188 0.029875
0 0.807266 0.867977 0.028344 0.028891
0 0.844656 0.540758 0.027969 0.028078
0 0.853172 0.350547 0.030375 0.027844
0 0.793961 0.463063 0.026266 0.028937
0 0.833461 0.631648 0.026953 0.026641
0 0.643680 0.121898 0.028672 0.030359
0 0.255344 0.328586 0.029813 0.033203
0 0.565914 0.757852 0.026672 0.028203
0 0.859641 0.303055 0.027313 0.026828
0 0.652531 0.367539 0.031094 0.029734
0 0.864797 0.262836 0.028281 0.026078
0 0.282281 0.197688 0.025438 0.029125
0 0.810297 0.826156 0.026062 0.026375
0 0.807875 0.322781 0.029156 0.029937
0 0.966211 0.719984 0.028391 0.028281
0 0.615633 0.786383 0.026109 0.028297
0 0.802422 0.369648 0.027594 0.027203
0 0.980227 0.624484 0.028453 0.029750
0 0.642633 0.504023 0.025828 0.027359
0 0.814438 0.230531 0.026469 0.026125
0 0.632852 0.598086 0.028141 0.029984
0 0.242336 0.072828 0.031297 0.031813
0 0.832352 0.091609 0.026422 0.027625
0 0.553383 0.848828 0.027047 0.027938
0 0.658563 0.326859 0.027937 0.029438
0 0.758641 0.888828 0.027594 0.030625
0 0.832812 0.680477 0.026781 0.027047
0 0.624375 0.691781 0.024906 0.026250
0 0.266898 0.282297 0.024734 0.024406
0 0.055031 0.219469 0.028750 0.027687
0 0.765969 0.841187 0.026000 0.026469
0 0.985266 0.573031 0.029094 0.032719
0 0.640977 0.550547 0.027766 0.029188
0 0.564070 0.804945 0.028922 0.031766
0 0.808625 0.278602 0.026219 0.026922
0 0.795914 0.419063 0.028453 0.031469
0 0.780172 0.650836 0.031000 0.029953
0 0.134570 0.937594 0.025391 0.027094
0 0.962031 0.816352 0.026719 0.026609
0 0.164719 0.627547 0.029438 0.028688
0 0.539336 0.984406 0.030734 0.030156
0 0.218531 0.695883 0.029719 0.027922
0 0.755289 0.938164 0.028234 0.028766
0 0.606422 0.826891 0.026594 0.029219
0 0.032164 0.385305 0.026516 0.030453
0 0.849961 0.396383 0.024984 0.025484
0 0.600031 0.436672 0.028656 0.028875
0 0.189531 0.873578 0.029750 0.029469
0 0.972563 0.667734 0.028437 0.027594
0 0.144164 0.851070 0.024609 0.026109
0 0.152195 0.714672 0.030203 0.026125
0 0.585219 0.572398 0.027031 0.028703
0 0.157859 0.667273 0.025687 0.026172
0 0.627570 0.645539 0.027734 0.027234
0 0.703820 0.013062 0.031016 0.025844
0 0.017562 0.477703 0.027844 0.029781
0 0.231297 0.518586 0.024906 0.027047
0 0.208469 0.254109 0.026250 0.025094
0 0.024508 0.432820 0.028578 0.029484
0 0.008930 0.653484 0.017859 0.035312
0 0.966250 0.909531 0.027281 0.029000
0 0.025438 0.059953 0.026875 0.029406
0 0.780203 0.701969 0.029500 0.024719
0 0.273797 0.239719 0.030563 0.030531
0 0.133664 0.978031 0.025859 0.026250
0 0.576437 0.669289 0.025844 0.025234
0 0.018875 0.103984 0.025531 0.027156
0 0.599047 0.392383 0.029250 0.026609
0 0.207977 0.738531 0.027047 0.028313
0 0.581086 0.620063 0.029641 0.029375
0 0.016227 0.147937 0.026047 0.028219
0 0.187508 0.914383 0.026047 0.026234
0 0.238633 0.473492 0.029109 0.028797
0 0.602133 0.348109 0.026234 0.027781
0 0.179688 0.490742 0.026531 0.027766
0 0.185453 0.443313 0.025062 0.025187
0 0.084094 0.038656 0.026500 0.029094
0 0.300023 0.053516 0.027422 0.027750
0 0.306102 0.015844 0.029484 0.029031
0 0.042008 0.341984 0.024922 0.029250
0 0.750250 0.984766 0.028250 0.027906
0 0.044922 0.300094 0.026469 0.028719
0 0.006516 0.233797 0.013031 0.031500
0 0.240117 0.419383 0.027828 0.026672
0 0.180211 0.958969 0.027266 0.029656
0 0.006078 0.697023 0.012156 0.028578
0 0.605969 0.303312 0.025938 0.029219
0 0.033078 0.015961 0.026531 0.027672
0 0.012914 0.562391 0.025078 0.031281
0 0.252023 0.027039 0.024984 0.024078
0 0.010234 0.190648 0.020469 0.033609
0 0.990062 0.476906 0.019875 0.032813
0 0.015328 0.517133 0.028094 0.025109
0 0.586047 0.527305 0.024281 0.028078
0 0.234492 0.116062 0.028078 0.028000
