0 0.768430 0.881945 0.034641 0.031297
0 0.263156 0.128984 0.053938 0.049969
0 0.594063 0.939352 0.035250 0.031141
0 0.766242 0.560367 0.037547 0.033797
0 0.524305 0.119062 0.033578 0.033563
0 0.925664 0.369977 0.032828 0.032109
0 0.710562 0.051031 0.043875 0.039781
0 0.985438 0.536680 0.029031 0.032234
0 0.556414 0.490758 0.034391 0.032828
0 0.900070 0.133961 0.032109 0.032203
0 0.586617 0.844477 0.032922 0.032016
0 0.524719 0.160211 0.033875 0.032234
0 0.983211 0.488063 0.032734 0.033312
0 0.718133 0.180180 0.039828 0.033828
0 0.794086 0.713203 0.034047 0.033250
0 0.537586 0.823539 0.032578 0.032484
0 0.680484 0.247703 0.035625 0.033688
0 0.695344 0.397187 0.033344 0.033937
0 0.469820 0.101273 0.032766 0.033359
0 0.292406 0.326180 0.050031 0.047359
0 0.256859 0.027883 0.049969 0.055766
0 0.503492 0.515391 0.036984 0.032937
0 0.535508 0.254680 0.035234 0.033797
0 0.322648 0.293477 0.039078 0.042141
0 0.541461 0.340750 0.032953 0.031781
0 0.961789 0.814609 0.034484 0.038437
0 0.798273 0.758219 0.031797 0.030750
0 0.539945 0.298398 0.033578 0.031047
0 0.985789 0.589695 0.028203 0.038734
0 0.933563 0.461320 0.031188 0.032609
0 0.777562 0.971813 0.031281 0.032219
0 0.757508 0.832820 0.031922 0.032422
0 0.728648 0.319633 0.035203 0.031828
0 0.939141 0.053734 0.035156 0.032375
0 0.789156 0.664664 0.031875 0.031203
0 0.708859 0.485141 0.035531 0.030469
0 0.563133 0.539250 0.030578 0.030563
0 0.686867 0.303484 0.032516 0.030812
0 0.563086 0.590211 0.033203 0.030328
0 0.483742 0.240922 0.031797 0.029188
0 0.928328 0.412836 0.031094 0.030859
0 0.703828 0.439047 0.039156 0.035781
0 0.812719 0.859008 0.034781 0.029828
0 0.953055 0.152445 0.028766 0.028359
0 0.309672 0.145250 0.043156 0.040625
0 0.938922 0.560820 0.034781 0.032391
0 0.542898 0.871203 0.029922 0.031406
0 0.904617 0.182047 0.029453 0.033219
0 0.528883 0.735648 0.033922 0.031578
0 0.663000 0.026937 0.034719 0.028344
0 0.600258 0.982844 0.034672 0.032563
0 0.525438 0.648430 0.031031 0.032953
0 0.725484 0.271031 0.029438 0.030750
0 0.292969 0.014016 0.048062 0.027875
0 0.530273 0.212609 0.030391 0.028250
0 0.511016 0.027008 0.030406 0.027641
0 0.819992 0.982367 0.033484 0.031078
0 0.691195 0.347719 0.028391 0.030781
0 0.975977 0.392328 0.029766 0.030844
0 0.678023 0.207563 0.029797 0.028531
0 0.579383 0.747578 0.028078 0.030969
0 0.475945 0.146305 0.029984 0.030391
0 0.917484 0.320172 0.026500 0.028250
0 0.978742 0.439172 0.030453 0.031875
0 0.302617 0.047828 0.039578 0.038656
0 0.480594 0.194289 0.029469 0.027891
0 0.517227 0.073891 0.027766 0.027906
0 0.493008 0.426406 0.031891 0.030063
0 0.755703 0.789195 0.027438 0.029984
0 0.733273 0.640547 0.029766 0.027500
0 0.744742 0.461891 0.025172 0.026531
0 0.936031 0.514523 0.027344 0.027984
0 0.970461 0.921273 0.030953 0.032359
0 0.961711 0.866992 0.031234 0.028078
0 0.931016 0.011437 0.036531 0.022594
0 0.976727 0.968734 0.030234 0.030344
0 0.738664 0.418086 0.025859 0.025797
0 0.546203 0.914984 0.026000 0.025313
0 0.942133 0.614266 0.027391 0.029656
0 0.464633 0.055617 0.025328 0.027734
0 0.504367 0.476594 0.029328 0.028250
0 0.913781 0.278594 0.026656 0.028031
0 0.528023 0.693164 0.026766 0.025453
0 0.951555 0.665148 0.030203 0.027609
0 0.748539 0.506242 0.026797 0.031078
0 0.317172 0.239547 0.053906 0.052625
0 0.536891 0.781508 0.024594 0.024766
0 0.280945 0.276039 0.039453 0.042484
0 0.989437 0.635281 0.021125 0.033156
0 0.317305 0.192531 0.042953 0.044500
0 0.909094 0.232477 0.028469 0.029797
0 0.272508 0.175914 0.042453 0.036828
0 0.703336 0.011164 0.033359 0.022266
0 0.521594 0.601336 0.028781 0.034766
0 0.269797 0.224234 0.057563 0.047969
0 0.720195 0.595516 0.060609 0.060313
0 0.803219 0.807695 0.052531 0.048203
0 0.739539 0.687742 0.051266 0.048078
0 0.734891 0.369508 0.049719 0.050391
0 0.959516 0.203586 0.052438 0.043609
0 0.304633 0.097016 0.043297 0.044344
0 0.968695 0.296570 0.036734 0.034016
0 0.590445 0.891891 0.041578 0.041656
0 0.747508 0.743109 0.047266 0.046531
0 0.667687 0.117883 0.040250 0.038359
0 0.770211 0.924391 0.036578 0.035250
0 0.546625 0.394125 0.039000 0.038844
0 0.582453 0.797711 0.035187 0.034953
0 0.663633 0.070461 0.039578 0.035578
0 0.482656 0.330148 0.045156 0.043453
0 0.892391 0.084930 0.034656 0.035703
0 0.946227 0.106609 0.033703 0.036500
0 0.551070 0.445438 0.035109 0.033719
0 0.715555 0.536836 0.041734 0.041516
0 0.671820 0.162867 0.038891 0.036109
0 0.879336 0.027742 0.039641 0.039266
0 0.489742 0.380086 0.046141 0.040797
0 0.551789 0.961117 0.035734 0.035422
0 0.509555 0.559445 0.040766 0.035891
0 0.572063 0.701297 0.037750 0.038063
0 0.481672 0.282734 0.036937 0.034281
0 0.259086 0.081570 0.043172 0.039547
0 0.969625 0.343891 0.032938 0.034969
0 0.570695 0.638336 0.033922 0.035922
0 0.713219 0.137719 0.033812 0.032906
0 0.949883 0.715211 0.033953 0.031734
0 0.812805 0.896594 0.033328 0.030844
0 0.710602 0.095695 0.035484 0.033109
0 0.721211 0.222961 0.033516 0.034203
0 0.782656 0.609187 0.033500 0.035625
0 0.816977 0.939586 0.037891 0.036078
0 0.952523 0.761703 0.034422 0.032875
0 0.961047 0.249883 0.037406 0.032422
